0	30.21768
0.09919	13.96197
0.35257	13.97324
0.38548	13.88768
0.57799	13.82343
0.67718	12.80085
0.80387	14.01368
0.99638	14.04606
1.28268	29.44158
1.31018	13.567
1.44228	14.53527
1.5356	13.55226
1.56852	13.97489
1.60729	14.10335
1.6677	13.92102
1.6677	14.05076
1.86022	14.01046
1.92108	14.13017
2.01982	14.51889
2.24029	14.01064
2.4053	13.79215
2.52613	13.88982
2.59781	14.37115
2.59781	14.21235
2.69159	14.47402
2.7245	14.31572
2.79033	14.4281
2.85119	14.72691
2.91702	14.1014
3.13703	14.83458
3.3025	14.97032
3.33541	15.27601
3.52792	14.7659
3.58834	15.03672
3.6492	14.98655
3.74794	15.48469
3.81421	15.6327
3.81421	16.03848
4.06714	15.3206
4.06714	15.30606
4.06714	15.3377
4.26011	15.46613
4.74432	15.99567
4.74432	16.72175
4.80474	16.18369
4.86515	27.16642
4.86515	16.08684
4.96434	16.26274
5.05811	16.48809
5.15685	17.31439
5.19021	16.38384
5.28354	17.01179
5.34982	16.51567
5.38273	17.19199
5.41564	17.37107
5.44855	17.43649
5.54233	17.59509
5.60816	17.36724
5.60816	17.1384
5.64152	17.54663
5.70193	17.66452
5.70193	17.5631
5.79526	18.12872
5.92736	18.40961
6.05405	18.29209
6.21365	28.87995
6.34575	18.25057
6.37325	18.06414
6.43953	18.0612
6.46703	18.6427
6.63204	28.30623
6.72537	18.92085
6.75873	19.03281
6.85747	19.50841
6.85747	19.31602
6.91833	19.60218
7.01707	19.9152
7.01707	19.54221
7.05043	27.34431
7.07793	19.58801
7.07793	19.27285
7.14376	19.48804
7.20417	19.71869
7.20417	19.81199
7.20417	19.88218
7.24295	19.8049
7.27586	19.3655
7.30336	20.22104
7.30336	20.44655
7.33627	20.24861
7.43005	20.03301
7.43005	19.79495
7.58965	20.24834
7.68298	18.49701
7.78758	20.0433
7.81508	20.7487
7.90886	20.13073
8.00804	20.52716
8.00804	29.15887
8.07387	28.77872
8.16765	29.01881
8.23347	20.9485
8.23347	20.74408
8.23347	20.6348
8.23347	20.87982
8.23347	20.63092
8.29388	20.76401
8.29388	20.91982
8.36016	20.89604
8.38766	20.61605
8.49226	20.89968
8.51976	21.42884
8.58559	20.83639
8.61309	21.19712
8.71227	21.43792
8.87188	21.3631
8.93815	21.82163
8.93815	21.12351
8.93815	21.32843
9.03148	21.56229
9.06439	21.69904
9.09775	21.12253
9.13067	28.65167
9.16358	22.19604
9.16358	29.4555
9.22399	21.96738
9.29027	22.06544
9.31777	21.78639
9.35609	22.22958
9.38946	21.76364
9.44987	22.34473
9.48278	27.98633
9.48278	22.21151
9.51028	22.79756
9.5432	22.44575
9.6753	22.64636
9.73616	22.06991
9.76907	21.50229
9.76907	22.704
9.8349	21.84772
9.8349	22.84048
9.92868	23.13176
9.9945	23.31252
10.022	22.26599
10.06077	27.8098
10.06077	22.4041
10.06077	22.14337
10.09369	23.68666
10.12119	22.69918
10.37998	23.76191
10.50667	23.72946
10.76501	23.69045
10.79837	22.90947
10.82587	23.89423
10.85878	23.84625
10.9192	24.10049
10.95211	24.03765
11.14508	25.45047
11.24381	24.83212
11.40341	24.17519
11.46969	24.26659
11.46969	25.19785
11.5301	25.01284
11.5301	25.89266
11.56302	25.02919
11.72848	23.96963
12.01432	28.71609
12.04182	25.35723
12.1081	26.74674
12.1356	26.22143
12.17392	23.96555
12.20728	26.82825
12.30061	26.79519
12.5869	27.89716
12.61981	27.18373
12.65273	27.54935
12.719	27.49844
12.7465	26.92166
12.7465	27.67163
12.77942	27.47481
12.81233	27.6782
12.81233	27.5448
12.8786	27.40492
12.8786	27.37382
12.94443	24.35586
13.00529	27.24845
13.00529	27.27174
13.00529	28.23946
13.06571	28.02525
13.19781	27.93245
13.25822	27.11082
13.25822	27.72048
13.29113	28.0554
13.29113	27.12963
13.3245	26.85782
13.35741	27.23741
13.39032	28.05657
13.42323	28.49454
13.42323	27.96256
13.45074	27.18473
13.4841	28.6407
13.4841	28.01857
13.54992	27.31097
13.58284	27.94706
13.58284	27.63902
13.64911	27.6186
13.64911	28.44311
13.64911	28.32108
13.76994	27.55626
13.8033	28.07896
13.90204	29.06208
13.9629	28.63502
13.99582	28.02534
14.02873	28.49067
14.06164	28.68294
14.095	28.32647
14.12792	28.51747
14.15542	28.77836
14.15542	28.9306
14.15542	28.66063
14.15542	28.08545
14.15542	28.59647
14.22124	28.41723
14.25461	29.02849
14.38084	29.28661
14.41421	29.04557
14.41421	28.87101
14.41421	28.87947
14.47462	28.94851
14.54631	28.66734
14.54631	28.56761
14.60672	29.1759
14.60672	28.68263
14.60672	28.60647
14.63963	28.98006
14.66714	28.65666
14.70005	29.09344
14.70005	28.74083
14.73341	28.78338
14.73341	28.98498
14.79924	28.99248
14.79924	28.60496
14.79924	28.72309
14.79924	28.93649
14.79924	28.88998
14.86551	29.11344
14.89301	29.0868
14.89301	29.1551
14.92592	28.97377
14.95884	28.93659
14.95884	29.41924
14.95884	28.76381
14.95884	28.99549
14.99175	28.97721
14.99175	28.95309
15.02511	29.14009
15.02511	29.23516
15.02511	29.17056
15.05802	28.90727
15.05802	28.74815
15.05802	29.06519
15.05802	29.20807
15.08553	29.17522
15.11844	29.22506
15.11844	28.55853
15.15135	29.10178
15.17885	29.06177
15.17885	28.52869
15.17885	29.20767
15.21222	29.10155
15.21222	29.32729
15.25054	29.22865
15.25054	29.10791
15.27804	29.04961
15.27804	28.88915
15.27804	29.10738
15.27804	29.35312
15.31095	28.93899
15.31095	29.20734
15.34432	28.74475
15.37182	29.07496
15.37182	28.69562
15.43764	28.69744
15.43764	28.91015
15.43764	29.18489
15.47642	29.28943
15.47642	29.16576
15.50392	28.97886
15.53683	28.95784
15.56974	29.38788
15.56974	29.27044
15.59724	29.04247
15.63016	29.21026
15.63016	28.95647
15.63016	29.11508
15.66352	29.2045
15.66352	29.31989
15.69643	29.23967
15.72934	29.08301
15.72934	28.96916
15.76226	28.97645
15.76226	29.0283
15.78976	28.89207
15.78976	29.0612
15.82312	28.87117
15.82312	29.21851
15.82312	29.25474
15.82312	29.27343
15.85603	29.17768
15.88354	29.27654
15.88354	28.88726
15.88354	29.0554
15.88354	28.83853
15.91645	28.98551
15.95522	28.77913
15.98272	29.21533
15.98272	29.33613
15.98272	29.2358
16.04855	29.09612
16.07605	28.98066
16.07605	29.22125
16.07605	28.95618
16.07605	28.93576
16.10896	29.28256
16.10896	28.94562
16.10896	29.33003
16.10896	29.25155
16.10896	29.21084
16.14233	29.47299
16.14233	28.97148
16.14233	29.14063
16.14233	28.96868
16.18065	29.12608
16.18065	29.47017
16.20815	29.34233
16.20815	29.12247
16.27442	29.00313
16.27442	28.92662
16.33484	29.02839
16.33484	29.0864
16.33484	29.15613
16.33484	29.21119
16.36775	29.07168
16.36775	29.35394
16.40066	29.05237
16.40066	28.93149
16.40066	29.14483
16.43403	28.93878
16.46694	29.11223
16.49444	29.09179
16.49444	29.22492
16.52735	29.04414
16.56027	29.11922
16.56027	29.06801
16.56027	28.81396
16.58777	29.08342
16.58777	29.17529
16.62113	29.25937
16.62113	29.07356
16.62113	29.11983
16.62113	29.14593
16.65945	29.19431
16.65945	29.0826
16.65945	28.79737
16.68696	29.07794
16.68696	29.17001
16.68696	29.09771
16.68696	29.11021
16.71987	29.03339
16.71987	29.30205
16.71987	29.14544
16.75323	28.99224
16.75323	29.42708
16.78614	29.15877
16.78614	29.04895
16.78614	29.05294
16.81364	29.08255
16.81364	29.17122
16.81364	28.9368
16.81364	28.9212
16.84656	29.31817
16.84656	29.14256
16.88533	28.85996
16.88533	29.10796
16.88533	29.2691
16.91283	29.23709
16.91283	29.29432
16.91283	29.05274
16.94574	29.10514
16.94574	29.32974
16.97866	29.16653
16.97866	29.25045
17.00616	29.22027
17.00616	28.92582
17.03907	29.0365
17.07243	28.95248
17.07243	28.84815
17.07243	29.08469
17.10535	28.60271
17.13826	29.15191
17.13826	29.1807
17.13826	29.18183
17.13826	29.20248
17.17117	29.05268
17.19867	29.18909
17.19867	29.14406
17.19867	29.24846
17.23204	29.15246
17.26495	28.74234
17.26495	29.02772
17.26495	29.00127
17.29245	29.22497
17.32536	28.82047
17.32536	28.89807
17.36414	28.86768
17.36414	28.87766
17.39164	29.04299
17.39164	28.98273
17.42455	28.58815
17.42455	29.08044
17.42455	29.09986
17.42455	29.32009
17.45746	29.10208
17.49037	29.11917
17.49037	28.95574
17.51788	28.9693
17.51788	28.96649
17.51788	29.065
17.55124	29.00573
17.55124	29.12084
17.58956	29.05076
17.58956	28.95084
17.58956	28.96278
17.58956	29.27476
17.61706	28.99953
17.61706	28.99885
17.61706	29.17989
17.64998	29.32988
17.64998	29.09077
17.64998	29.07431
17.68334	29.16518
17.68334	29.0588
17.68334	29.0955
17.68334	29.41874
17.68334	29.25851
17.71084	28.90378
17.71084	29.09812
17.71084	28.6496
17.71084	29.13783
17.71084	29.27002
17.74375	29.15766
17.74375	29.13409
17.74375	28.88655
17.77667	29.32817
17.80958	29.0142
17.80958	28.90411
17.80958	28.69584
17.80958	29.08987
17.80958	29.14798
17.80958	28.93714
17.84294	28.94338
17.84294	29.04807
17.84294	28.75299
17.87585	29.21447
17.87585	29.04688
17.90336	28.97006
17.90336	29.04274
17.93627	28.99729
17.96918	29.10192
17.96918	29.11986
17.96918	28.94075
17.99668	29.25023
17.99668	29.2406
17.99668	29.03905
18.03004	28.9841
18.03004	28.63842
18.06837	29.08512
18.10128	29.02477
18.10128	29.08538
18.10128	28.94071
18.10128	29.0552
18.12878	29.07911
18.12878	29.10935
18.12878	28.71269
18.12878	29.29044
18.12878	29.17587
18.16214	29.04929
18.19506	29.06463
18.22256	29.15605
18.22256	29.29458
18.25547	29.18706
18.25547	29.10725
18.25547	29.11222
18.25547	29.17354
18.29424	29.05864
18.35466	29.02154
18.35466	29.08611
18.35466	28.97266
18.35466	29.12392
18.35466	28.9955
18.41507	29.11255
18.41507	28.69874
18.44799	29.13331
18.44799	29.01216
18.44799	29.11885
18.44799	28.96218
18.48135	29.26968
18.48135	29.16274
18.48135	29.00547
18.51426	29.09612
18.51426	28.94262
18.51426	28.95574
18.51426	28.93522
18.54717	29.08692
18.54717	29.01117
18.58008	28.99775
18.58008	29.09297
18.60759	29.12281
18.60759	29.23447
18.60759	29.21693
18.64095	29.12587
18.67386	29.09515
18.70677	29.05877
18.70677	28.89326
18.73428	28.90333
18.73428	29.10491
18.73428	29.21966
18.73428	29.10582
18.77305	29.23775
18.77305	29.13887
18.83346	29.02756
18.83346	29.04794
18.83346	28.95156
18.83346	28.99143
18.86638	28.70067
18.86638	29.0836
18.89929	28.99289
18.89929	29.05823
18.92679	29.00403
18.92679	29.21167
18.92679	29.01755
18.92679	29.13422
18.96015	29.07908
18.99848	28.94352
19.02598	28.96653
19.02598	29.16229
19.02598	29.15739
19.02598	29.09329
19.02598	29.11894
19.05889	29.05848
19.05889	29.21087
19.09225	28.65501
19.09225	29.19658
19.09225	28.96097
19.11976	29.06728
19.11976	28.89524
19.11976	28.92741
19.11976	29.00909
19.15267	29.22167
19.18558	29.08407
19.18558	29.15121
19.18558	29.18777
19.21849	29.16204
19.21849	28.81995
19.21849	28.98371
19.21849	29.15224
19.25186	28.59799
19.25186	29.23891
19.28477	28.9812
19.31227	28.98022
19.31227	28.97772
19.31227	29.15337
19.31227	28.84353
19.34518	28.89911
19.37809	29.06071
19.37809	29.21793
19.37809	28.90208
19.37809	29.01162
19.37809	29.1005
19.41146	29.08793
19.41146	29.09409
19.41146	29.10008
19.43896	29.15913
19.43896	28.68291
19.47728	28.96709
19.47728	29.17787
19.47728	29.04982
19.47728	29.18649
19.47728	29.16433
19.47728	29.0764
19.47728	29.23127
19.51019	29.11477
19.51019	29.00376
19.51019	29.10793
19.57106	29.14524
19.57106	29.0334
19.57106	29.02745
19.57106	28.99143
19.60397	29.08203
19.60397	28.94766
19.60397	29.02677
19.60397	29.06905
19.60397	29.06754
19.63147	29.08183
19.63147	28.9525
19.66439	29.11178
19.66439	28.85098
19.66439	28.92206
19.70316	29.10078
19.73066	28.8452
19.73066	29.10414
19.76357	28.86016
19.76357	28.93774
19.79649	29.1182
19.79649	29.08085
19.79649	28.95428
19.79649	29.2239
19.79649	28.93563
19.79649	29.17126
19.82399	29.01702
19.8569	29.03033
19.8569	29.02706
19.8569	29.01475
19.89026	28.97904
19.92317	29.12347
19.92317	29.07421
19.95609	28.74651
19.95609	29.00287
19.95609	29.059
19.989	28.7582
19.989	29.06918
19.989	29.04977
20.02236	29.12591
20.04986	28.79074
20.04986	29.10342
20.04986	29.08809
20.08278	28.9906
20.08278	29.06274
20.08278	29.21011
20.11569	29.07007
20.14319	28.97391
20.14319	29.20263
20.14319	28.88903
20.14319	28.99912
20.18196	28.69968
20.18196	29.03097
20.18196	29.09023
20.24238	29.05112
20.24238	28.91373
20.24238	29.00223
20.24238	28.73767
20.24238	29.0371
20.27529	28.87452
20.27529	29.06652
20.3082	29.11398
20.3082	28.79208
20.3082	29.03347
20.3082	29.1563
20.3357	29.06418
20.3357	28.83185
20.3357	28.9185
20.36907	28.97307
20.40739	28.6484
20.4678	29.10748
20.50117	29.10435
20.50117	29.09412
20.50117	29.19832
20.50117	29.09345
20.52867	29.11686
20.52867	28.99407
20.52867	29.06538
20.52867	29.01112
20.56158	29.0194
20.56158	28.86611
20.56158	28.91221
20.59449	28.94019
20.63327	29.21846
20.63327	29.19013
20.63327	28.98109
20.63327	29.11919
20.66077	28.68109
20.66077	29.16454
20.66077	29.17829
20.66077	28.87806
20.69368	28.91929
20.69368	29.16754
20.72659	28.92247
20.72659	29.12763
20.7541	29.27938
20.78701	29.07241
20.78701	29.14778
20.78701	28.99761
20.78701	29.14038
20.82037	28.79872
20.82037	29.03452
20.82037	29.0991
20.84787	29.06764
20.84787	29.02632
20.8862	28.96653
20.91911	28.92126
20.91911	28.87483
20.91911	29.04314
20.91911	29.22456
20.91911	29.07165
20.91911	29.04273
20.94661	28.92991
20.94661	29.19124
20.94661	29.09255
20.94661	28.96817
20.94661	29.08572
20.94661	29.22453
20.94661	28.99735
20.94661	28.91402
20.97997	29.10679
20.97997	29.02606
20.97997	29.16414
20.97997	28.87443
21.01289	29.04215
21.04039	28.8894
21.04039	29.08344
21.04039	28.87509
21.0733	28.85668
21.0733	29.09629
21.11207	29.0028
21.11207	29.08042
21.11207	29.19507
21.13957	29.18997
21.13957	29.0492
21.13957	29.07857
21.17249	28.88607
21.2054	29.0774
21.2054	28.84737
21.2329	28.76573
21.2329	29.09122
21.26581	29.33063
21.26581	28.97643
21.26581	29.11291
21.29918	28.91647
21.3375	29.09261
21.3375	29.17069
21.3375	29.09216
21.3375	28.98849
21.365	29.19909
21.365	29.1298
21.39791	29.11685
21.39791	29.16197
21.39791	29.06132
21.39791	29.12798
21.39791	29.03473
21.43128	28.94
21.43128	29.25135
21.43128	29.07772
21.45878	29.07894
21.45878	29.07556
21.49169	29.08718
21.49169	29.22809
21.55211	29.1523
21.62379	29.15903
21.62379	28.91605
21.65129	28.87608
21.65129	28.95327
21.65129	29.03107
21.65129	29.12759
21.6842	29.17567
21.6842	29.16661
21.71712	29.08464
21.71712	29.28273
21.74462	28.96644
21.74462	29.18198
21.74462	29.09892
21.77798	28.75355
21.8163	28.97061
21.84381	29.227
21.84381	29.07056
21.84381	29.2342
21.87672	29.09471
21.91008	29.01586
21.91008	29.15984
21.91008	28.92812
21.9705	28.9507
21.9705	29.32235
21.9705	29.05555
22.00341	29.0897
22.00341	29.14185
22.04218	28.91859
22.04218	29.1615
22.04218	28.83117
22.06968	29.09224
22.06968	28.92276
22.1026	28.79562
22.1026	29.04734
22.1026	28.99698
22.13551	29.26962
22.13551	29.21636
22.13551	29.0577
22.16301	28.97635
22.16301	29.18992
22.16301	28.89933
22.16301	29.07119
22.19592	28.85172
22.19592	29.19987
22.22929	29.23384
22.22929	28.95081
22.29511	29.11997
22.29511	29.16817
22.29511	29.04178
22.32802	29.12536
22.32802	29.13054
22.35552	29.31595
22.35552	28.92369
22.38889	29.10538
22.38889	29.02044
22.38889	28.86284
22.4218	29.2924
22.4218	29.01738
22.4218	28.89006
22.4493	29.09596
22.48221	29.08947
22.48221	29.13124
22.48221	29.10684
22.52099	28.90698
22.52099	28.97087
22.5539	28.95031
22.5539	29.06055
22.5539	29.34435
22.5814	29.32836
22.5814	28.68927
22.61431	28.9742
22.61431	28.97626
22.61431	29.08323
22.61431	29.18555
22.64723	29.08819
22.64723	28.7057
22.64723	29.00023
22.67473	29.02253
22.70809	29.07748
22.70809	29.20022
22.74641	29.21515
22.74641	28.90987
22.74641	28.91322
22.74641	28.9744
22.74641	29.10166
22.77392	28.89864
22.80683	28.85962
22.84019	28.97424
22.84019	29.16982
22.84019	29.02951
22.86769	28.73903
22.86769	29.32143
22.86769	29.34319
22.90061	28.73051
22.90061	28.71574
22.93352	28.83327
22.96102	29.04591
22.99979	29.49804
22.99979	28.83829
22.99979	28.97004
22.99979	29.07258
23.0327	29.12785
23.0327	28.829
23.0327	29.3503
23.06021	29.30666
23.06021	29.02034
23.06021	29.27619
23.09312	29.14823
23.09312	29.32336
23.12603	29.37791
23.12603	29.35774
23.12603	29.26982
23.12603	29.11504
23.15353	29.33766
23.15353	29.07341
23.1869	29.25883
23.1869	29.06991
23.1869	29.07036
23.22522	29.14987
23.22522	29.07488
23.22522	29.16053
23.25813	29.08899
23.25813	29.0185
23.319	29.11718
23.319	29.05802
23.319	29.09027
23.35191	29.15485
23.35191	29.46353
23.37941	29.16209
23.37941	28.97698
23.37941	29.00428
23.41232	28.80645
23.41232	29.04217
23.41232	29.10328
23.4786	29.0842
23.4786	29.00627
23.4786	28.91853
23.51151	28.99078
23.51151	29.14964
23.54442	28.86142
23.54442	28.77209
23.54442	28.98584
23.60484	28.98092
23.6382	28.94773
23.6382	29.08277
23.6657	28.93838
23.6657	29.15994
23.6657	29.24963
23.70402	29.0443
23.70402	29.06043
23.70402	29.23506
23.76444	28.98567
23.76444	29.06004
23.76444	29.18844
23.7978	29.13122
23.7978	29.14133
23.7978	29.02011
23.83071	29.13125
23.83071	29.2027
23.86363	29.01122
23.86363	29.2018
23.89113	29.13982
23.89113	29.1169
23.89113	29.18426
23.89113	29.2504
23.9299	29.1774
23.9299	28.90531
23.9299	29.1908
23.96281	28.96995
23.96281	29.06386
23.96281	28.71941
23.99032	29.11164
23.99032	29.10806
23.99032	29.00503
24.02323	29.23155
24.02323	28.90573
24.02323	29.37079
24.05614	28.63645
24.05614	29.04808
24.08364	29.02402
24.11701	29.0922
24.11701	29.27875
24.11701	28.83868
24.18283	29.01693
24.18283	29.14848
24.18283	28.9688
24.18283	29.0271
24.18283	29.05423
24.21574	29.14702
24.21574	28.98253
24.21574	28.72912
24.24911	29.33464
24.24911	28.83509
24.24911	29.06724
24.24911	29.1223
24.27661	29.15675
24.27661	28.72532
24.30952	29.09622
24.30952	29.24767
24.30952	28.99867
24.34243	28.93695
24.36993	28.98335
24.36993	29.05101
24.40871	28.8124
24.40871	28.79391
24.40871	29.08241
24.44162	28.79641
24.44162	29.13213
24.47453	28.78357
24.50203	29.32071
24.50203	29.09283
24.53495	29.09415
24.53495	29.12009
24.56831	29.06672
24.59581	29.13763
24.59581	29.05534
24.59581	29.09585
24.59581	29.06362
24.63413	29.17531
24.63413	29.42004
24.66705	28.94697
24.66705	29.13283
24.66705	29.28399
24.66705	28.96188
24.66705	29.21693
24.72791	29.07084
24.72791	29.11102
24.72791	29.28595
24.72791	29.04813
24.76082	28.94601
24.76082	29.16702
24.78832	29.03746
24.78832	28.93423
24.78832	29.11027
24.82124	28.98781
24.82124	28.68275
24.82124	28.9705
24.86001	29.05268
24.86001	29.12837
24.86001	29.09993
24.86001	29.15058
24.86001	29.04145
24.88751	28.96848
24.88751	28.70535
24.88751	29.19212
24.88751	29.07538
24.88751	29.14893
24.92042	29.15411
24.92042	28.88252
24.92042	28.91655
24.92042	29.04057
24.92042	28.78667
24.95334	28.96788
24.95334	28.95931
24.98084	29.06714
24.98084	29.15267
25.01375	29.31055
25.01375	28.92078
25.01375	29.09289
25.01375	29.16182
25.01375	29.09758
25.01375	29.31878
25.04711	29.00046
25.04711	29.06598
25.04711	28.98498
25.04711	28.95431
25.07462	29.2575
25.07462	29.13412
25.07462	28.96187
25.07462	28.91436
25.07462	29.11129
25.11294	28.97568
25.11294	29.01387
25.14585	29.27352
25.14585	28.81211
25.14585	29.03037
25.14585	28.98892
25.17921	29.07058
25.17921	28.88531
25.17921	29.11009
25.17921	29.03796
25.23963	29.00592
25.23963	28.80216
25.23963	28.95287
25.27254	29.13487
25.27254	28.96138
25.30004	29.15695
25.30004	29.19432
25.30004	29.08868
25.33882	29.16148
25.33882	29.2454
25.33882	29.07628
25.33882	29.17882
25.37173	29.18691
25.37173	28.96302
25.39923	29.11992
25.39923	29.01862
25.39923	29.30505
25.39923	29.03039
25.43214	29.05185
25.43214	28.97096
25.43214	29.1651
25.46505	29.1391
25.49256	29.02293
25.49256	29.15597
25.52592	28.96611
25.52592	29.06499
25.52592	28.97622
25.59174	29.11069
25.59174	28.85567
25.62466	29.06697
25.62466	28.99591
25.65802	29.07473
25.68552	28.72174
25.68552	29.1602
25.68552	29.1488
25.68552	29.19005
25.71843	29.1856
25.71843	28.89255
25.71843	29.08426
25.71843	29.02513
25.75135	29.13135
25.75135	28.79188
25.75135	29.11121
25.75135	29.14886
25.79012	29.06887
25.81762	28.95563
25.85053	29.16788
25.85053	29.03087
25.85053	28.99275
25.85053	29.08735
25.85053	28.96662
25.88345	28.96668
25.88345	29.03916
25.91095	28.93722
25.91095	29.08749
25.91095	29.13656
25.94386	29.24906
25.94386	29.03772
25.94386	29.08436
25.94386	29.14172
25.94386	29.04376
25.97722	29.21611
25.97722	29.0502
26.00472	29.19907
26.04305	28.9973
26.04305	29.07164
26.04305	29.12943
26.04305	29.09014
26.07596	28.97041
26.07596	29.30252
26.10346	29.06405
26.10346	29.13073
26.10346	29.1682
26.10346	29.02758
26.13682	29.03655
26.13682	29.14168
26.13682	29.09503
26.13682	29.33281
26.16974	28.815
26.16974	29.10666
26.16974	29.12851
26.19724	29.09571
26.19724	28.82594
26.19724	29.16748
26.23015	29.05813
26.23015	28.96047
26.23015	29.00242
26.23015	28.84762
26.23015	29.06069
26.26892	29.10918
26.26892	28.89056
26.26892	29.0973
26.26892	28.79877
26.26892	29.14795
26.29643	29.00339
26.29643	29.01983
26.29643	28.79847
26.29643	29.18856
26.29643	29.02981
26.32934	29.16364
26.32934	28.91041
26.32934	29.09034
26.32934	29.09082
26.32934	29.10576
26.32934	29.2909
26.36225	29.03762
26.36225	29.10922
26.36225	29.12976
26.36225	29.05711
26.36225	29.24835
26.36225	28.8959
26.36225	29.24931
26.36225	29.13798
26.39516	28.83403
26.39516	28.9993
26.39516	29.02993
26.39516	29.04672
26.39516	28.9183
26.39516	29.04084
26.42267	29.04519
26.45603	29.23447
26.45603	29.03522
26.45603	29.18776
26.49435	29.22354
26.49435	29.22975
26.49435	28.80115
26.49435	29.28555
26.49435	29.23294
26.52185	29.2717
26.52185	29.17432
26.52185	28.85006
26.55477	29.24135
26.55477	28.87139
26.55477	29.13975
26.58813	29.39451
26.58813	28.99885
26.58813	28.96295
26.58813	29.1023
26.58813	29.20995
26.61563	29.48191
26.64854	28.98831
26.64854	29.44681
26.64854	29.12668
26.64854	29.32686
26.68145	29.09799
26.68145	29.24528
26.68145	29.30099
26.68145	29.16601
26.68145	29.35307
26.70896	29.15252
26.70896	29.2082
26.70896	29.14639
26.70896	29.29414
26.70896	29.15959
26.74773	29.34551
26.78064	29.37594
26.78064	29.44236
26.78064	29.04868
26.78064	29.49012
26.78064	29.24456
26.78064	29.07096
26.80814	29.22224
26.80814	29.37226
26.84106	29.19966
26.84106	29.21392
26.84106	29.41459
26.87397	29.16907
26.87397	29.16837
26.87397	29.44156
26.90147	29.33882
26.90147	29.26519
26.90147	29.31342
26.90147	29.20948
26.93483	29.24995
27.00066	29.4236
27.00066	29.39438
27.03357	29.28707
27.03357	29.32067
27.03357	29.42122
27.03357	29.03724
27.06693	29.24045
27.06693	29.31084
27.12735	29.26317
27.16026	29.28173
27.16026	29.01254
27.16026	29.09631
27.19903	29.37385
27.22654	29.28923
27.22654	29.41731
27.25945	28.9706
27.25945	29.35909
27.25945	29.34578
27.25945	29.38714
27.29236	29.46997
27.29236	29.08238
27.31986	29.38084
27.31986	29.27864
27.31986	29.00133
27.35277	29.39286
27.38614	29.31114
27.38614	29.29926
27.38614	29.24737
27.45196	29.36314
27.45196	29.24766
27.48487	29.31619
27.48487	29.36358
27.51238	29.25619
27.54574	29.37913
27.54574	29.31377
27.57865	29.22974
27.57865	29.25064
27.57865	29.22918
27.60615	29.23595
27.67784	29.33966
27.67784	29.44471
27.71075	29.20423
27.71075	29.21399
27.71075	29.45406
27.77117	29.17745
27.77117	29.19843
27.77117	29.23348
27.77117	29.14352
27.77117	29.30283
27.80408	29.42136
27.80408	29.1945
27.80408	29.14915
27.83158	28.89629
27.90327	29.27849
27.93077	29.30393
27.96368	29.25747
27.96368	29.32427
27.96368	29.24789
27.99704	29.06955
28.05746	29.37618
28.05746	29.14834
28.09037	29.00022
28.09037	29.18056
28.09037	29.26414
28.11787	29.46223
28.11787	29.15642
28.11787	29.10161
28.11787	29.22839
28.15664	29.18906
28.15664	29.09216
28.18956	29.10605
28.24997	29.30398
28.24997	29.27339
28.24997	29.15585
28.24997	29.46585
28.28288	29.05319
28.28288	29.30065
28.31625	29.21041
28.31625	29.06881
28.34375	29.16748
28.34375	29.37102
28.34375	29.16706
28.38207	29.24827
28.41498	29.34607
28.44248	29.36722
28.50876	29.0765
28.56917	29.45738
28.56917	29.12519
28.60795	28.87436
28.60795	29.04144
28.60795	29.29995
28.60795	29.00641
28.60795	29.19845
28.63545	29.40866
28.66836	29.10636
28.66836	29.10883
28.70127	29.20491
28.76169	29.3265
28.76169	29.32364
28.76169	29.26697
28.79505	29.09432
28.79505	29.24433
28.79505	29.10736
28.82255	29.30533
28.82255	29.10683
28.82255	29.14252
28.86088	29.4645
28.86088	29.35294
28.86088	29.07308
28.89379	29.18038
28.89379	29.20201
28.92129	29.37055
28.95465	29.25376
28.95465	29.20276
28.95465	29.37058
29.02048	28.98594
29.02048	29.27793
29.08675	29.03359
29.14717	29.20968
29.18008	29.47614
29.18008	29.21927
29.21299	29.1831
29.24049	29.47839
29.24049	29.24267
29.24049	29.10215
29.24049	29.11314
29.27386	29.47453
29.31218	29.08294
29.31218	29.25799
29.31218	29.11232
29.37259	29.1141
29.37259	29.381
29.40596	29.18974
29.40596	29.30152
29.43346	29.15055
29.46637	29.17063
29.46637	29.1487
29.49928	29.03891
29.49928	28.96842
29.52679	29.34182
29.56556	29.1836
29.59847	29.28489
29.59847	29.28071
29.63138	29.23807
29.63138	29.17938
29.65888	29.37251
29.6918	29.10925
29.72516	29.30254
29.72516	29.18761
29.75266	29.32465
29.75266	29.23783
29.75266	29.07667
29.79098	29.33807
29.79098	29.29237
29.8239	29.01055
29.8239	29.23902
29.8239	29.34302
29.8239	29.24215
29.88476	29.112
29.88476	28.91184
29.88476	29.37193
29.91767	29.08895
29.94518	29.23388
29.97809	29.18683
29.97809	29.06671
29.97809	29.28739
29.97809	29.3646