1156.24316	1.57659
1156.24316	1.67905
1156.2439	1.67078
1156.24463	1.67812
1156.24536	1.83897
1156.24536	1.65866
1156.24536	1.65059
1156.24536	-13.11016
1156.24597	1.73489
1156.24597	1.671
1156.24597	1.58743
1156.2467	1.60806
1156.2467	1.77462
1156.24756	1.62992
1156.24756	1.77488
1156.24817	1.51739
1156.2489	1.68705
1156.2489	1.74959
1156.24963	1.70435
1156.24963	1.65572
1156.25024	1.51782
1156.25024	1.54965
1156.25024	1.45165
1156.25098	-13.09998
1156.25098	1.56285
1156.25171	1.65707
1156.25171	-13.17728
1156.25171	1.80874
1156.25171	1.56537
1156.25232	1.7494
1156.25317	1.65591
1156.25391	1.79901
1156.25391	1.59851
1156.25452	1.71601
1156.25452	1.48153
1156.25525	1.79243
1156.25598	1.74746
1156.25598	1.7644
1156.25598	-13.23533
1156.25598	1.80912
1156.25732	1.69785
1156.25732	1.60007
1156.25818	1.75823
1156.25818	1.74389
1156.25879	1.797
1156.25879	1.623
1156.25952	1.7544
1156.25952	1.65086
1156.25952	1.47023
1156.26025	1.69089
1156.26025	1.74517
1156.26099	-13.06344
1156.2616	1.65379
1156.26233	1.59279
1156.26318	1.67998
1156.26318	1.81795
1156.26453	1.55339
1156.26526	1.70771
1156.26526	-13.03419
1156.2666	1.43055
1156.2666	1.66804
1156.26733	-12.52014
1156.26794	1.76988
1156.26794	1.72466
1156.26794	1.45293
1156.26794	1.74424
1156.2688	1.60044
1156.2688	1.50788
1156.2688	1.6768
1156.27014	1.64667
1156.27087	1.73247
1156.27161	1.55312
1156.27161	0.8754
1156.27161	1.76049
1156.27161	1.61631
1156.27222	1.658
1156.27222	1.65421
1156.27222	1.74753
1156.27222	1.59698
1156.27222	-13.46701
1156.27295	1.68389
1156.27295	1.62275
1156.2738	1.52311
1156.27454	1.58103
1156.27454	1.68267
1156.27515	1.55126
1156.27515	-12.59219
1156.27588	1.65288
1156.27661	1.63696
1156.27661	1.58346
1156.27722	1.61835
1156.27722	-13.48033
1156.27795	1.65617
1156.27795	-13.09849
1156.27795	1.48447
1156.27881	1.5586
1156.27881	1.62884
1156.27881	1.63684
1156.27881	-12.98243
1156.27942	1.73918
1156.28015	-13.14716
1156.28015	-13.02994
1156.28149	1.50734
1156.28149	1.49234
1156.28149	1.66994
1156.28149	1.59706
1156.28149	1.75491
1156.28149	1.58647
1156.28223	1.86122
1156.28223	1.46983
1156.28442	-13.06635
1156.28442	1.51576
1156.28516	1.53612
1156.28516	1.48686
1156.28516	1.41844
1156.28516	1.53169
1156.28516	1.71355
1156.28577	-12.95819
1156.2865	1.59287
1156.28723	1.57187
1156.28723	1.79013
1156.28796	1.73551
1156.28796	-12.60699
1156.28796	1.58293
1156.28857	1.69433
1156.2915	1.66026
1156.29224	1.61603
1156.29224	1.61311
1156.29224	1.58722
1156.29224	1.48685
1156.29285	1.45056
1156.29285	-13.06619
1156.29358	1.57874
1156.29443	1.50577
1156.29504	1.32721
1156.29504	1.10768
1156.29504	1.41823
1156.29578	1.47746
1156.29651	1.33132
1156.29651	-13.26359
1156.29651	1.67336
1156.29651	1.60798
1156.29712	1.72179
1156.29712	1.62
1156.29785	1.40534
1156.29858	1.29858
1156.29919	1.52919
1156.29919	1.70965
1156.29919	1.23263
1156.29919	-13.17535
1156.29919	1.61567
1156.30005	1.82781
1156.30005	1.72214
1156.30005	1.65443
1156.30078	-12.74047
1156.30078	1.4069
1156.30078	1.68337
1156.30078	-12.88395
1156.30139	1.33307
1156.30139	1.75721
1156.30212	1.67255
1156.30286	-12.64753
1156.30359	1.60344
1156.30359	1.5682
1156.30359	1.5165
1156.30359	-12.79055
1156.3042	1.71292
1156.3042	1.26303
1156.3042	1.41127
1156.30505	-12.68902
1156.30505	1.52993
1156.30579	1.62516
1156.30579	1.40098
1156.3064	1.45069
1156.3064	1.62614
1156.3064	-12.41905
1156.30713	1.73045
1156.30713	1.7193
1156.30786	-12.98419
1156.30847	1.72167
1156.30847	1.59331
1156.3092	1.71353
1156.3092	1.28695
1156.3092	1.76555
1156.3092	1.48877
1156.3092	1.67023
1156.31006	1.60244
1156.31213	1.88825
1156.31213	1.56776
1156.31213	1.46568
1156.31274	1.57574
1156.31274	1.57131
1156.31274	1.63274
1156.31274	-12.32177
1156.31348	1.70396
1156.31421	1.68867
1156.31567	1.69609
1156.31567	1.58412
1156.31641	1.58949
1156.31641	1.75117
1156.31641	-12.19913
1156.31641	1.6872
1156.31641	1.58862
1156.31714	1.72734
1156.31714	1.64282
1156.31775	1.7353
1156.31775	1.87587
1156.31848	1.71679
1156.31848	1.6868
1156.31982	1.68437
1156.32141	-12.38382
1156.32202	1.72401
1156.32275	-12.13914
1156.32349	1.75285
1156.3241	-12.18447
1156.3241	1.13686
1156.32483	1.76212
1156.32568	1.76782
1156.32629	1.72144
1156.32629	-11.73441
1156.32629	1.69081
1156.32703	1.78466
1156.32776	-11.60068
1156.32776	1.73931
1156.32776	1.80239
1156.32776	-11.23407
1156.32837	1.68712
1156.32837	1.67513
1156.32837	1.63919
1156.3291	1.7427
1156.3291	1.66093
1156.3291	1.73167
1156.32983	1.76676
1156.32983	1.65361
1156.32983	1.66298
1156.33057	1.58664
1156.33057	1.50411
1156.33203	1.74535
1156.33203	1.56072
1156.33203	0.95647
1156.33337	-11.88266
1156.33337	-11.8958
1156.33337	-11.86721
1156.33337	1.61589
1156.33337	1.63934
1156.33411	1.7166
1156.33484	1.74077
1156.33545	1.79798
1156.33545	1.76114
1156.3363	1.49519
1156.3363	1.57632
1156.3363	1.56484
1156.33704	1.58199
1156.33704	1.56667
1156.33765	1.62083
1156.33765	-12.78251
1156.33765	-11.75118
1156.33838	1.73225
1156.33838	1.51726
1156.33838	1.55671
1156.33911	1.75844
1156.33972	1.50991
1156.33972	1.46412
1156.34045	1.808
1156.34045	1.70266
1156.34045	1.66209
1156.34045	1.7476
1156.34131	1.60895
1156.34131	1.81062
1156.34192	1.57894
1156.34192	1.62745
1156.34265	1.4505
1156.34338	1.67291
1156.34338	1.75498
1156.34338	1.61794
1156.34399	1.63429
1156.34399	1.45298
1156.34399	1.64301
1156.34399	1.69361
1156.34619	1.48705
1156.34619	1.69263
1156.34692	1.64638
1156.34692	1.84745
1156.34692	1.40722
1156.34692	1.67605
1156.34766	1.80177
1156.34766	1.8483
1156.34839	1.62109
1156.34839	-11.27275
1156.34839	1.36958
1156.34839	1.6352
1156.34839	-10.61675
1156.349	1.8229
1156.34973	1.66736
1156.34973	-11.10287
1156.35046	1.75984
1156.35046	1.65137
1156.35107	1.58626
1156.35107	-11.19038
1156.35193	1.55288
1156.35193	1.67475
1156.35193	1.60845
1156.35266	1.41638
1156.35266	1.70696
1156.35327	1.63897
1156.35327	-11.03145
1156.354	1.67147
1156.354	1.6441
1156.35474	1.64094
1156.35535	1.31245
1156.35535	-10.82785
1156.35608	1.60746
1156.35693	1.73006
1156.35693	1.69298
1156.35754	-10.08131
1156.35828	1.53123
1156.35828	-10.92204
1156.35828	1.37626
1156.35828	1.5757
1156.35828	1.54516
1156.35901	1.48506
1156.36035	-10.3547
1156.36108	1.37953
1156.36108	1.58241
1156.36108	1.59668
1156.36182	-10.80294
1156.36255	-10.19189
1156.36255	1.67257
1156.36255	1.71629
1156.36255	1.62829
1156.36328	1.76028
1156.36328	-10.0301
1156.36401	1.69797
1156.36401	-9.97099
1156.36462	1.43335
1156.36536	1.14604
1156.36536	1.77943
1156.36536	1.70337
1156.36609	1.71767
1156.36609	-9.8277
1156.36755	-10.03356
1156.36755	1.61108
1156.36755	1.57954
1156.36755	1.35712
1156.36755	-10.24031
1156.36829	1.60448
1156.36829	-9.87148
1156.3689	1.05669
1156.36963	-9.76497
1156.36963	-9.8566
1156.36963	1.54971
1156.37036	1.39144
1156.37036	1.62821
1156.37097	1.64136
1156.37097	1.55094
1156.3717	1.70842
1156.3717	1.65268
1156.3717	1.60649
1156.3717	-9.34557
1156.37256	1.26475
1156.37256	1.37829
1156.37256	1.63508
1156.37329	1.72344
1156.3739	1.70008
1156.3739	1.66861
1156.37463	1.83642
1156.37463	1.76905
1156.37463	-9.09179
1156.37537	1.94192
1156.37598	1.67683
1156.37671	1.35366
1156.37671	1.54286
1156.37744	1.64519
1156.37744	-9.19797
1156.37817	1.75244
1156.37964	1.66095
1156.38025	1.47213
1156.38098	0.36798
1156.38171	1.82929
1156.38171	1.7697
1156.38318	1.60749
1156.38318	1.66793
1156.38391	-9.23548
1156.38452	1.54183
1156.38452	1.51795
1156.38452	1.57414
1156.38452	-9.40392
1156.38525	1.64242
1156.38525	1.39449
1156.38599	-9.40658
1156.38599	1.65676
1156.3866	1.42837
1156.3866	-8.8812
1156.38733	1.65292
1156.38733	1.82393
1156.38733	1.78398
1156.38818	1.43473
1156.38953	1.59136
1156.39026	-0.15037
1156.39099	1.68381
1156.39099	1.70804
1156.3916	1.6236
1156.3916	1.57567
1156.3916	1.37912
1156.39233	1.77727
1156.39233	1.43332
1156.39233	-8.6299
1156.39307	1.76441
1156.39307	-8.52874
1156.3938	1.636
1156.3938	1.62102
1156.39453	1.6814
1156.39453	1.07614
1156.39526	-8.09905
1156.39526	1.48999
1156.39526	-8.27287
1156.39526	1.64338
1156.39587	1.55917
1156.39587	1.66869
1156.39661	-8.01433
1156.39661	1.39896
1156.39795	1.438
1156.39795	1.70644
1156.39795	1.60694
1156.3988	1.61589
1156.3988	-7.73152
1156.3988	-8.06851
1156.3988	1.80653
1156.3988	1.57389
1156.39954	1.68093
1156.39954	-1.01945
1156.40015	-8.02713
1156.40015	-8.31187
1156.40015	1.58253
1156.40088	1.82744
1156.40161	1.831
1156.40161	1.73136
1156.40161	-8.11745
1156.40161	1.64675
1156.40295	1.49826
1156.40295	-7.90906
1156.40295	-7.82477
1156.40295	-7.76135
1156.40381	-7.83117
1156.40454	1.48494
1156.40454	1.75178
1156.40454	-8.22816
1156.40515	1.53723
1156.40515	-7.4552
1156.40515	-7.25145
1156.40588	1.65945
1156.40588	1.73401
1156.40588	-7.43029
1156.40662	1.73998
1156.40662	1.679
1156.40662	1.65379
1156.40796	1.55724
1156.40796	1.76049
1156.40796	-7.62508
1156.40796	1.39053
1156.40796	-7.84016
1156.40796	1.68934
1156.40869	1.67495
1156.40869	1.75085
1156.40942	1.61085
1156.40942	1.54979
1156.40942	1.57329
1156.41016	1.3354
1156.41089	1.68668
1156.4115	1.57276
1156.4115	-7.43053
1156.41223	1.58871
1156.41223	1.65261
1156.41223	1.54763
1156.41296	1.30137
1156.41296	1.74686
1156.41296	1.69373
1156.41357	1.38663
1156.41357	-9.01283
1156.41443	1.68939
1156.41516	1.84882
1156.41516	1.67872
1156.41589	-7.61578
1156.41589	1.47106
1156.4165	-6.97847
1156.4165	1.53271
1156.4165	1.57563
1156.41724	1.69325
1156.41797	1.70172
1156.41797	1.62015
1156.41858	1.70843
1156.41858	-7.53679
1156.41943	1.47117
1156.42017	1.66047
1156.42078	-7.17862
1156.42078	0.61998
1156.42151	1.68919
1156.42224	1.46804
1156.42224	0.27652
1156.42285	1.64569
1156.42285	1.55174
1156.42358	1.54707
1156.42432	0.49344
1156.42432	1.61626
1156.42432	1.46106
1156.42505	1.45929
1156.42505	1.66545
1156.42578	1.54764
1156.42578	1.7609
1156.42578	-6.79795
1156.42578	-6.98264
1156.42578	-7.08137
1156.42578	1.69196
1156.42578	1.62738
1156.42578	-6.86
1156.42578	-7.08488
1156.42651	1.62074
1156.42712	-6.96463
1156.42712	1.59783
1156.42712	-6.82386
1156.42859	1.50361
1156.42859	-6.84535
1156.42859	1.77852
1156.4292	-7.09831
1156.43005	1.6222
1156.43005	1.6446
1156.43005	1.60977
1156.43005	1.57274
1156.43079	1.3079
1156.43079	1.49179
1156.43152	-6.84206
1156.43213	1.64491
1156.43213	1.71483
1156.43213	1.44789
1156.43213	-6.36397
1156.43286	1.5506
1156.43286	1.58271
1156.43359	1.59016
1156.43359	-6.89924
1156.43359	1.54486
1156.4342	1.56324
1156.4342	-6.57333
1156.4342	1.57238
1156.4342	1.8055
1156.43506	1.74575
1156.43506	1.45125
1156.43506	1.54093
1156.43579	1.6171
1156.43579	1.74924
1156.4364	-6.35577
1156.4364	1.53566
1156.4364	1.57718
1156.43713	1.55898
1156.43848	1.66168
1156.43848	1.36761
1156.43921	1.75541
1156.43994	-6.42337
1156.43994	1.82745
1156.43994	1.65505
1156.44141	1.81385
1156.44141	1.80411
1156.44141	1.64564
1156.44141	-6.00909
1156.44141	-6.63983
1156.44141	-6.45469
1156.44141	1.48735
1156.44214	1.71928
1156.44275	1.19042
1156.44275	1.65255
1156.44348	1.47598
1156.44348	-6.2434
1156.44421	-6.11985
1156.44421	1.53777
1156.44421	1.55815
1156.44421	1.51029
1156.44421	1.70272
1156.44495	1.69144
1156.44495	-6.64072
1156.44568	1.6
1156.44568	0.16173
1156.44568	1.72437
1156.44568	1.79062
1156.44641	-5.67082
1156.44641	1.58595
1156.44641	0.88798
1156.44641	1.48125
1156.44714	1.74229
1156.44775	-5.87741
1156.44849	1.53734
1156.44849	1.62392
1156.44922	-5.78881
1156.44922	1.78179
1156.44922	1.79897
1156.44983	1.81346
1156.44983	-6.04093
1156.44983	1.61208
1156.45068	1.50792
1156.45068	1.62258
1156.45068	-5.64052
1156.45142	1.6654
1156.45142	-6.06149
1156.45142	1.6979
1156.45142	1.635
1156.45276	-5.53648
1156.45276	1.61367
1156.45276	1.60171
1156.45349	-5.65684
1156.4541	-5.12736
1156.45483	-5.44521
1156.45557	1.73448
1156.45557	1.54824
1156.45557	1.54976
1156.45557	1.77761
1156.4563	1.62191
1156.4563	1.61279
1156.45703	1.37966
1156.45703	1.4396
1156.45703	1.49816
1156.45776	1.7124
1156.45776	-5.26396
1156.45776	1.67446
1156.4585	1.77839
1156.45911	1.54694
1156.45911	1.24302
1156.45911	-5.78478
1156.45911	1.77763
1156.45984	-6.29761
1156.45984	1.51148
1156.45984	-5.21189
1156.4613	-5.98552
1156.4613	1.68543
1156.4613	-5.08858
1156.46204	1.71352
1156.46204	1.72777
1156.46338	1.5943
1156.46338	-4.82541
1156.46338	1.69472
1156.46484	1.56822
1156.46484	-4.6621
1156.46484	1.72745
1156.46545	1.62903
1156.46545	1.56386
1156.46545	-5.60762
1156.46545	1.60219
1156.46631	1.67339
1156.46631	1.57599
1156.46631	-5.48284
1156.46631	1.50011
1156.46631	1.79937
1156.46631	-5.71841
1156.46704	1.69007
1156.46704	-4.32407
1156.46765	1.7596
1156.46765	-5.21624
1156.46765	1.62981
1156.46838	1.64658
1156.46973	1.57691
1156.46973	1.66759
1156.46973	1.61315
1156.47046	1.65946
1156.47192	1.26773
1156.47192	1.56492
1156.47266	1.47813
1156.47339	-4.25608
1156.47339	1.75873
1156.47473	1.62649
1156.47473	1.46055
1156.47473	1.42852
1156.47473	1.43084
1156.47546	1.61756
1156.47546	1.76453
1156.47546	1.43841
1156.4762	-4.2854
1156.4762	1.82707
1156.47693	1.46688
1156.47766	1.61117
1156.47766	1.54774
1156.47839	1.64525
1156.47839	1.59127
1156.47839	1.72877
1156.47839	1.50888
1156.479	1.50287
1156.479	1.75302
1156.479	1.64902
1156.479	1.86946
1156.48047	1.75357
1156.48047	1.73465
1156.48047	1.7307
1156.48193	1.69817
1156.48193	1.70649
1156.48193	-4.32065
1156.48193	1.68656
1156.48267	1.74635
1156.48267	-5.02625
1156.48328	1.67843
1156.48328	-4.13653
1156.48401	1.68785
1156.48401	1.57118
1156.48401	-4.17988
1156.48401	1.75016
1156.48474	1.68576
1156.48535	1.44481
1156.48535	1.56373
1156.48535	-3.95018
1156.48535	1.60228
1156.48608	1.64251
1156.48608	1.64895
1156.48608	-4.00696
1156.48682	1.57548
1156.48682	1.64904
1156.48682	1.6905
1156.48682	1.60393
1156.48767	1.58185
1156.48767	1.36583
1156.48828	1.61047
1156.48828	1.71289
1156.49036	1.68298
1156.49036	1.61408
1156.49036	-2.7305
1156.49036	1.64101
1156.49255	1.82046
1156.49255	1.6382
1156.49255	-3.28917
1156.49255	1.34476
1156.49329	1.29498
1156.49402	1.66573
1156.49463	1.75236
1156.49463	1.6742
1156.49536	1.6884
1156.49609	1.71571
1156.49609	-2.45382
1156.49609	-3.88269
1156.49609	1.67726
1156.4967	1.88365
1156.4967	1.6527
1156.4967	1.61334
1156.49756	-3.80011
1156.49756	1.79556
1156.49756	-2.95874
1156.49829	1.65976
1156.49829	1.65612
1156.4989	-3.12589
1156.4989	-2.33099
1156.4989	1.66953
1156.4989	1.86679
1156.4989	1.61001
1156.4989	-2.28722
1156.49963	1.74188
1156.49963	1.6317
1156.49963	-3.11112
1156.50037	1.8089
1156.5011	1.68066
1156.50244	1.6182
1156.50244	1.4794
1156.5033	-4.06841
1156.50391	1.78727
1156.50391	1.47746
1156.50391	1.78812
1156.50391	1.78327
1156.50464	1.73126
1156.50537	1.62485
1156.50537	1.57212
1156.50598	1.6678
1156.50671	1.69097
1156.50745	1.52164
1156.50745	1.20325
1156.50745	1.40775
1156.50745	1.6049
1156.50818	1.36477
1156.50818	1.47494
1156.50818	1.64654
1156.50964	0.21993
1156.51025	-2.81474
1156.51025	1.43456
1156.51025	1.40445
1156.51099	-1.34891
1156.51172	1.64105
1156.51172	1.74516
1156.51172	-1.55934
1156.51172	1.72617
1156.51172	1.48998
1156.51172	1.65863
1156.51233	-2.03395
1156.51233	1.59681
1156.51318	-4.0721
1156.51392	-1.4857
1156.51392	1.69453
1156.51453	1.58061
1156.51453	1.54055
1156.51453	1.52537
1156.51453	1.5473
1156.51526	1.69863
1156.51599	1.62046
1156.51599	-1.51557
1156.51672	1.71364
1156.51672	1.48161
1156.51733	1.73614
1156.51733	1.63395
1156.51733	1.59511
1156.51807	1.56746
1156.51807	1.46891
1156.51892	1.74222
1156.51892	-2.6421
1156.51953	1.76734
1156.51953	1.85728
1156.51953	1.66586
1156.52026	1.77843
1156.52026	1.47408
1156.521	1.54999
1156.52161	1.70305
1156.52161	1.76116
1156.52234	1.72273
1156.52234	-0.51996
1156.52234	1.69216
1156.52307	1.55273
1156.52307	-1.16453
1156.52307	1.60926
1156.52307	-2.06725
1156.5238	1.46189
1156.5238	-0.8342
1156.5238	1.82215
1156.52454	1.6689
1156.52454	1.65014
1156.52454	1.66411
1156.52527	1.69921
1156.52527	-0.88019
1156.52527	1.59984
1156.52588	1.74415
1156.52588	1.72005
1156.52588	1.7644
1156.52588	-1.4013
1156.52588	-0.72372
1156.52661	-0.90154
1156.52734	-0.71778
1156.52734	-0.83831
1156.52795	1.74614
1156.52795	1.62274
1156.52881	-0.96469
1156.52881	-0.99278
1156.53027	1.78739
1156.53088	1.59046
1156.53162	1.47614
1156.53162	-1.10605
1156.53162	-1.08501
1156.53162	-0.21069
1156.53162	1.70755
1156.53235	1.71302
1156.53235	1.63018
1156.53296	-0.40423
1156.53296	1.62885
1156.53369	1.7795
1156.53369	1.59084
1156.53455	1.71523
1156.53455	1.64911
1156.53516	1.67006
1156.53589	-0.48807
1156.53589	1.73487
1156.53723	1.59787
1156.53723	-1.2304
1156.53723	1.68612
1156.53723	1.52346
1156.53723	-0.67958
1156.53796	-0.37699
1156.53796	-1.21341
1156.5387	1.7388
1156.5387	1.62946
1156.5387	1.6335
1156.5387	1.56995
1156.5387	-1.45898
1156.53943	1.65922
1156.53943	1.61629
1156.53943	-1.11603
1156.54016	-0.37593
1156.54089	1.49739
1156.54089	0.01977
1156.54089	1.57102
1156.54089	-0.46087
1156.54089	1.75274
1156.5415	1.72953
1156.5415	-1.16362
1156.5415	1.78304
1156.54224	0.15182
1156.54224	1.63581
1156.54224	-0.41026
1156.54224	1.67045
1156.54297	1.71758
1156.54297	1.67793
1156.5437	-1.04957
1156.54443	-0.47487
1156.54443	1.62522
1156.54443	-0.75318
1156.54517	1.60056
1156.5459	-0.77163
1156.5459	-0.0267
1156.5459	-0.13695
1156.5459	1.60644
1156.54651	1.19954
1156.54651	1.04967
1156.54651	1.78795
1156.54724	1.71615
1156.54724	1.7659
1156.54797	1.71313
1156.54858	1.53395
1156.54858	1.64243
1156.54858	-0.82795
1156.54858	1.41492
1156.54858	1.73846
1156.54932	-0.3557
1156.54932	1.60951
1156.54932	1.31185
1156.55017	1.69002
1156.55151	1.63197
1156.55151	1.69198
1156.55151	0.53253
1156.55225	1.60148
1156.55286	1.77233
1156.55286	0.14669
1156.55359	-0.40415
1156.55359	1.5172
1156.55432	1.41234
1156.55432	0.01627
1156.55432	1.69334
1156.55432	1.60113
1156.55505	1.46226
1156.55505	0.18998
1156.55579	1.55638
1156.55579	-0.13208
1156.55652	1.61389
1156.55652	1.65127
1156.55652	1.52634
1156.55652	0.04048
1156.55713	0.27619
1156.55713	0.41374
1156.55713	0.16983
1156.55713	-0.34984
1156.55713	0.11186
1156.55786	1.56743
1156.55786	1.41549
1156.55786	1.53764
1156.55859	1.6186
1156.55859	-0.05008
1156.55933	1.51644
1156.55933	1.68898
1156.55933	1.72178
1156.55933	0.50218
1156.55933	1.65511
1156.56006	1.45605
1156.56006	1.62741
1156.56079	1.52643
1156.56079	1.47584
1156.56152	1.59938
1156.56152	1.48524
1156.56213	0.97787
1156.56213	0.73539
1156.56213	1.70439
1156.56287	1.73353
1156.56287	-0.25609
1156.56287	1.39747
1156.56287	0.51761
1156.56287	0.3599
1156.56287	0.36754
1156.56421	0.42992
1156.56494	1.66894
1156.56494	1.75274
1156.56494	1.63705
1156.5658	0.17589
1156.5658	0.08578
1156.56641	1.62012
1156.56641	1.64368
1156.56641	1.73357
1156.56714	0.63536
1156.56714	0.1897
1156.56714	0.12089
1156.56714	1.86708
1156.56787	0.45843
1156.56848	1.761
1156.56848	1.97221
1156.56848	0.16624
1156.56921	1.89902
1156.56921	1.61341
1156.56921	0.56086
1156.56921	0.24229
1156.56995	0.28073
1156.56995	0.46287
1156.56995	1.81116
1156.57068	1.70956
1156.57141	0.46965
1156.57141	1.51798
1156.57141	0.11953
1156.57141	1.70407
1156.57141	0.22626
1156.57141	0.41906
1156.57141	0.37704
1156.57214	1.50741
1156.57288	1.61608
1156.57288	0.57893
1156.57349	1.61063
1156.57349	0.55486
1156.57349	1.38871
1156.57349	0.61657
1156.57422	0.45274
1156.57422	1.60608
1156.57495	0.41915
1156.57495	0.85522
1156.57495	0.26305
1156.57495	0.47237
1156.57568	0.45585
1156.57568	0.43406
1156.57642	0.60301
1156.57642	1.43507
1156.57642	0.6889
1156.57642	0.63054
1156.57715	1.67907
1156.57715	0.39266
1156.57715	0.2489
1156.57715	1.7518
1156.57715	0.53534
1156.57715	0.66443
1156.57715	1.57462
1156.57715	1.61298
1156.57715	1.57246
1156.57776	1.27562
1156.57776	0.63475
1156.57776	1.49689
1156.57776	1.68207
1156.57849	0.67978
1156.57849	1.49398
1156.57849	1.5294
1156.57849	0.07758
1156.57922	1.52131
1156.57922	0.5684
1156.57922	1.46118
1156.57983	0.53225
1156.57983	1.65166
1156.57983	0.05062
1156.57983	0.66407
1156.58057	1.50615
1156.58057	0.56819
1156.58057	0.77214
1156.58057	1.61752
1156.58057	1.56388
1156.58142	1.54185
1156.58142	0.68302
1156.58142	1.60602
1156.58142	0.57394
1156.58142	1.43722
1156.58203	0.52126
1156.58203	0.37629
1156.58203	0.57346
1156.58203	1.68097
1156.58203	0.79548
1156.58276	1.63199
1156.58276	0.42132
1156.58276	0.66377
1156.5835	1.42609
1156.5835	1.44107
1156.5835	0.24583
1156.58411	1.55977
1156.58411	0.54417
1156.58411	1.56723
1156.58411	1.52463
1156.58411	1.64371
1156.58411	0.20144
1156.58411	1.53201
1156.58484	1.82325
1156.58484	1.35781
1156.58484	1.65753
1156.58557	1.58015
1156.58557	0.20308
1156.58557	0.39526
1156.58557	1.63816
1156.58557	0.64349
1156.58557	1.59286
1156.58643	1.63433
1156.58643	1.54024
1156.58643	0.73794
1156.58643	1.4854
1156.58643	0.6262
1156.58704	0.45734
1156.58704	1.68177
1156.58777	1.4461
1156.58777	0.43835
1156.58777	1.6502
1156.58777	1.73146
1156.5885	0.82688
1156.5885	0.72078
1156.58911	1.71523
1156.58911	0.51481
1156.58911	1.52471
1156.58911	1.56359
1156.58984	0.66641
1156.58984	1.65776
1156.58984	0.43711
1156.58984	0.58041
1156.59058	1.53882
1156.59058	1.68214
1156.59058	1.36672
1156.59058	0.6612
1156.59058	0.76546
1156.59131	1.81075
1156.59131	0.69298
1156.59204	0.55144
1156.59204	0.44858
1156.59204	1.66413
1156.59277	0.45516
1156.59277	1.65953
1156.59277	0.50201
1156.59338	0.37893
1156.59338	0.53173
1156.59412	0.36005
1156.59412	0.67386
1156.59412	1.56197
1156.59412	0.70659
1156.59412	1.41951
1156.59412	0.72348
1156.59412	1.66761
1156.59485	1.49873
1156.59485	0.63697
1156.59485	1.6743
1156.59546	0.72629
1156.59546	1.57645
1156.59546	0.37458
1156.59546	1.58243
1156.59546	0.52649
1156.59546	1.53516
1156.59546	0.33056
1156.59619	1.69704
1156.59619	1.77414
1156.59619	0.46335
1156.59619	1.67523
1156.59619	1.73452
1156.59619	1.58646
1156.59619	1.40189
1156.59619	1.74945
1156.59705	0.27689
1156.59705	1.69205
1156.59766	0.67099
1156.59766	1.72852
1156.59766	0.78013
1156.59766	0.68948
1156.59839	1.71986
1156.59839	1.77078
1156.59839	1.65973
1156.59912	0.56328
1156.59912	1.81501
1156.59912	1.59032
1156.59912	1.79463
1156.59973	0.45897
1156.59973	0.67634
1156.59973	0.43685
1156.59973	0.4184
1156.60046	0.73173
1156.60046	1.70312
1156.60046	0.42731
1156.60046	0.77462
1156.60046	0.70371
1156.60046	0.66693
1156.6012	0.90378
1156.6012	1.57023
1156.6012	0.45067
1156.6012	1.43524
1156.6012	0.6035
1156.6012	0.44814
1156.60205	0.59035
1156.60205	0.90123
1156.60205	1.73101
1156.60266	1.53827
1156.60266	1.69063
1156.60266	0.78573
1156.60266	0.58709
1156.60339	1.58138
1156.60339	1.68921
1156.60413	0.47927
1156.60413	1.52453
1156.60413	0.41014
1156.60413	1.67299
1156.60474	1.55502
1156.60547	0.50209
1156.60547	0.5545
1156.60547	0.6175
1156.60547	0.66725
1156.60547	1.7397
1156.6062	1.68486
1156.6062	0.5412
1156.6062	0.79622
1156.60693	1.75134
1156.60693	0.52376
1156.60693	1.70998
1156.60693	0.41454
1156.60693	0.60729
1156.60693	1.62166
1156.60767	0.42113
1156.60767	1.75917
1156.60767	1.60679
1156.6084	0.57784
1156.6084	1.81323
1156.60901	1.83424
1156.60901	0.55937
1156.60901	0.67965
1156.60974	1.56037
1156.60974	0.51632
1156.61047	0.58415
1156.61047	0.53789
1156.61047	0.30836
1156.61108	1.92352
1156.61108	0.55181
1156.61108	0.63481
1156.61182	0.71078
1156.61182	0.5429
1156.61182	1.67196
1156.61182	0.58471
1156.61182	0.60829
1156.61267	0.652
1156.61267	0.55107
1156.61267	1.45471
1156.61267	0.29337
1156.61328	1.61718
1156.61328	0.54686
1156.61328	1.87493
1156.61328	0.63004
1156.61328	0.56472
1156.61328	0.57601
1156.61401	1.6139
1156.61401	0.50661
1156.61401	0.74934
1156.61401	0.60784
1156.61401	1.73804
1156.61475	1.57259
1156.61475	1.7039
1156.61475	0.46943
1156.61475	0.8623
1156.61548	0.61989
1156.61548	0.52067
1156.61548	0.52427
1156.61609	0.55102
1156.61609	0.63114
1156.61609	1.67761
1156.61609	0.41934
1156.61609	0.40525
1156.61682	1.66096
1156.61682	1.65249
1156.61682	0.7639
1156.61682	0.60524
1156.61682	1.90118
1156.61768	0.34992
1156.61768	1.6928
1156.61768	0.57398
1156.61768	1.88435
1156.61768	1.69159
1156.61768	1.61789
1156.61768	0.71957
1156.61829	0.69065
1156.61829	1.52309
1156.61829	0.74235
1156.61829	1.46305
1156.61829	1.69741
1156.61829	1.65561
1156.61829	1.49693
1156.61829	0.52409
1156.61829	1.74409
1156.61829	1.59227
1156.61902	1.5951
1156.61902	1.55291
1156.61902	0.57143
1156.61902	0.77436
1156.61902	1.57564
1156.61975	1.72885
1156.61975	1.73552
1156.61975	1.68319
1156.61975	0.6269
1156.61975	0.70272
1156.62036	0.67545
1156.62036	1.71586
1156.62036	0.40942
1156.62109	0.50942
1156.62109	1.32903
1156.62183	0.43351
1156.62183	1.54498
1156.62183	1.67315
1156.62183	0.33925
1156.62183	0.55296
1156.62183	1.58269
1156.62256	0.1175
1156.62256	1.65202
1156.62256	1.67321
1156.62329	0.61369
1156.62329	1.76102
1156.62329	0.6397
1156.62329	0.64072
1156.62329	0.65938
1156.62402	1.79205
1156.62402	1.54229
1156.62402	0.52404
1156.62402	1.59902
1156.62402	1.81015
1156.62463	0.64728
1156.62463	0.6066
1156.62463	1.74158
1156.62463	0.70092
1156.62537	0.61419
1156.62537	1.65888
1156.6261	0.24365
1156.6261	1.72144
1156.6261	0.50149
1156.6261	1.76394
1156.6261	1.75587
1156.6261	0.47759
1156.62671	0.6797
1156.62744	1.63701
1156.62744	0.31424
1156.62744	1.71041
1156.62744	0.38435
1156.6283	1.54616
1156.6283	0.35689
1156.6283	1.76146
1156.6283	0.36591
1156.62891	1.60186
1156.62891	1.69542
1156.62891	0.51528
1156.62891	0.46084
1156.62964	1.83378
1156.62964	0.10434
1156.62964	0.54912
1156.62964	0.56666
1156.62964	0.76564
1156.62964	1.74256
1156.63037	1.65239
1156.63037	1.12251
1156.63037	0.56867
1156.63037	1.59961
1156.63037	1.55295
1156.6311	0.58411
1156.6311	0.43645
1156.63171	1.20516
1156.63171	0.4487
1156.63171	1.63012
1156.63171	0.05426
1156.63171	0.94343
1156.63171	1.55827
1156.63171	1.56043
1156.63171	0.44617
1156.63171	1.71871
1156.63171	0.53517
1156.63245	0.48162
1156.63245	1.7381
1156.63245	0.58562
1156.6333	0.5223
1156.6333	1.65066
1156.6333	1.8824
1156.6333	0.43203
1156.6333	0.44281
1156.6333	0.72468
1156.63391	0.47602
1156.63391	0.4754
1156.63391	0.63897
1156.63391	1.77957
1156.63464	0.77448
1156.63464	1.75291
1156.63464	0.55845
1156.63464	0.54358
1156.63464	1.64152
1156.63538	0.62568
1156.63538	0.52957
1156.63538	0.56272
1156.63538	0.85477
1156.63538	1.43437
1156.63538	0.71
1156.63599	1.70381
1156.63599	0.38951
1156.63599	1.68371
1156.63599	1.27494
1156.63599	0.56509
1156.63599	0.15986
1156.63599	0.60097
1156.63599	0.7204
1156.63672	0.61888
1156.63672	1.64175
1156.63672	0.59759
1156.63672	0.37394
1156.63745	1.69234
1156.63745	0.77294
1156.63745	1.69822
1156.63818	1.61049
1156.63818	0.48927
1156.63818	0.38981
1156.63818	0.20164
1156.63818	0.55764
1156.63818	1.73756
1156.63818	0.61014
1156.63818	0.41965
1156.63892	0.42529
1156.63892	1.63293
1156.63892	1.62669
1156.63892	0.51987
1156.63892	1.61434
1156.63892	0.25327
1156.63965	0.67021
1156.63965	1.6177
1156.63965	1.64483
1156.63965	0.5188
1156.64026	1.58458
1156.64026	1.82428
1156.64026	0.44939
1156.64026	0.51506
1156.64099	1.66939
1156.64099	1.62683
1156.64099	1.63112
1156.64099	1.62098
1156.64099	1.76047
1156.64099	1.77217
1156.64099	0.47399
1156.64172	1.50739
1156.64172	0.56852
1156.64172	0.58473
1156.64172	0.42291
1156.64233	0.70252
1156.64233	1.66998
1156.64233	1.68179
1156.64233	0.69382
1156.64233	0.51172
1156.64233	1.58194
1156.64307	1.51022
1156.64307	0.46208
1156.64307	0.14976
1156.64392	1.64764
1156.64392	0.55335
1156.64465	0.99335
1156.64465	1.61805
1156.64465	0.49882
1156.64465	0.55358
1156.64465	0.42287
1156.64465	0.52631
1156.64526	0.54792
1156.64526	0.57524
1156.64526	0.21686
1156.64526	0.73885
1156.64526	0.63534
1156.646	1.6664
1156.646	0.52097
1156.646	1.55773
1156.646	1.3682
1156.64673	0.53483
1156.64673	1.42501
1156.64673	1.66031
1156.64734	1.61749
1156.64734	0.61743
1156.64734	0.74259
1156.64807	1.3226
1156.64807	0.64545
1156.64807	1.41052
1156.64807	0.57334
1156.64807	0.57783
1156.64807	1.33589
1156.64807	0.63323
1156.64807	1.61163
1156.64893	1.64381
1156.64893	0.52942
1156.64893	1.45924
1156.64893	1.89709
1156.64954	1.76899
1156.64954	1.70552
1156.65027	0.4959
1156.65027	1.66414
1156.65027	0.55424
1156.65027	0.45174
1156.65027	0.5884
1156.65027	0.47238
1156.651	1.43295
1156.651	1.65131
1156.651	1.66766
1156.651	1.62156
1156.65161	1.67034
1156.65161	0.57813
1156.65161	0.20426
1156.65161	1.67621
1156.65234	1.54235
1156.65234	0.59688
1156.65234	1.70022
1156.65234	0.48743
1156.65234	0.58382
1156.65234	1.60069
1156.65234	0.44227
1156.65308	0.72009
1156.65308	0.62347
1156.65308	1.67459
1156.65308	0.48138
1156.65381	0.56328
1156.65381	1.6168
1156.65381	0.4246
1156.65381	0.43645
1156.65381	0.41791
1156.65454	1.62114
1156.65454	1.59375
1156.65454	0.55497
1156.65454	0.48653
1156.65527	1.4504
1156.65527	1.61508
1156.65527	0.47441
1156.65527	0.56044
1156.65588	1.41958
1156.65588	0.5874
1156.65588	1.55294
1156.65588	0.68828
1156.65588	1.65239
1156.65588	0.67243
1156.65662	1.5613
1156.65662	1.75423
1156.65662	0.59016
1156.65735	1.56868
1156.65735	0.56241
1156.65735	1.76319
1156.65735	1.72313
1156.65735	1.66735
1156.65808	0.52954
1156.65808	1.64668
1156.65808	1.76348
1156.65808	0.38
1156.65808	1.42101
1156.65808	1.61359
1156.65869	0.3891
1156.65869	0.57123
1156.65869	0.6749
1156.65869	1.65448
1156.65869	0.57205
1156.65955	0.69124
1156.65955	0.60191
1156.66028	1.63364
1156.66089	0.50134
1156.66089	0.51975
1156.66089	0.43268
1156.66089	1.70004
1156.66089	1.70511
1156.66089	0.4687
1156.66162	1.90511
1156.66162	1.77876
1156.66162	1.6975
1156.66162	1.59292
1156.66162	0.206
1156.66162	0.55197
1156.66235	1.64246
1156.66235	0.47002
1156.66235	1.68009
1156.66235	1.56468
1156.66235	0.52905
1156.66296	1.52686
1156.66296	0.48008
1156.66296	0.66768
1156.66296	0.4923
1156.66296	0.59771
1156.6637	0.54789
1156.6637	1.62895
1156.66455	0.42541
1156.66455	1.47255
1156.66516	0.4462
1156.66516	0.62307
1156.66516	0.61864
1156.66516	0.56073
1156.66516	0.5839
1156.66589	0.52928
1156.66589	0.66696
1156.66663	1.68422
1156.66663	0.16475
1156.66663	0.65405
1156.66663	0.44118
1156.66724	1.71269
1156.66724	0.53723
1156.66724	0.38179
1156.66724	0.41086
1156.66724	0.48465
1156.66724	1.83652
1156.66797	0.67672
1156.66797	1.62845
1156.6687	1.39162
1156.6687	0.5524
1156.6687	0.61306
1156.6687	0.64609
1156.66943	1.3935
1156.66943	0.62284
1156.66943	0.31377
1156.66943	1.66347
1156.66943	0.46172
1156.66943	0.61399
1156.67017	1.58635
1156.67017	1.67677
1156.67017	0.11323
1156.67017	1.46162
1156.67017	0.69229
1156.67017	1.49659
1156.67017	1.62704
1156.67017	1.61482
1156.6709	0.45946
1156.6709	1.67883
1156.6709	1.74909
1156.6709	1.72351
1156.67151	1.53115
1156.67151	0.45857
1156.67151	0.45631
1156.67151	0.61501
1156.67151	1.54993
1156.67151	0.33507
1156.67224	0.38529
1156.67224	1.7763
1156.67297	0.53129
1156.67297	0.67334
1156.67297	0.38797
1156.67297	0.48694
1156.67297	0.56724
1156.67297	1.4833
1156.67371	0.55588
1156.67371	1.67039
1156.67371	0.56145
1156.67371	0.56686
1156.67371	1.6655
1156.67432	1.63873
1156.67432	0.62021
1156.67432	0.18996
1156.67517	0.44671
1156.67517	0.63714
1156.67517	0.52145
1156.67517	0.64493
1156.67517	0.62491
1156.67517	0.54547
1156.67517	0.68539
1156.6759	0.58013
1156.6759	0.47984
1156.6759	1.4814
1156.6759	0.57395
1156.67651	1.45703
1156.67651	1.61683
1156.67725	0.60766
1156.67725	0.50662
1156.67725	0.50124
1156.67725	0.4687
1156.67725	1.51304
1156.67798	0.55055
1156.67798	0.42915
1156.67798	1.62254
1156.67798	0.50063
1156.67798	0.53883
1156.67798	0.53746
1156.67859	0.55037
1156.67859	0.43353
1156.67859	1.60454
1156.67859	1.73833
1156.67932	1.62365
1156.67932	0.57743
1156.67932	1.77359
1156.67932	1.55377
1156.67932	1.67072
1156.67932	0.3418
1156.67932	0.40602
1156.68018	0.56749
1156.68018	1.55024
1156.68079	0.33658
1156.68079	1.70159
1156.68079	0.57053
1156.68079	1.53549
1156.68152	1.43052
1156.68152	1.51614
1156.68152	0.3501
1156.68152	0.42019
1156.68225	1.71207
1156.68225	1.46762
1156.68225	0.58323
1156.68225	0.54949
1156.68225	1.68504
1156.68225	0.43513
1156.68225	0.67873
1156.68225	1.75599
1156.68225	0.41828
1156.68225	0.63117
1156.68225	1.71514
1156.68225	1.63125
1156.68286	1.67225
1156.68286	0.49182
1156.68286	1.4242
1156.68359	0.50384
1156.68359	0.50089
1156.68359	0.48977
1156.68433	1.71035
1156.68433	1.6319
1156.68433	0.4575
1156.68433	1.66819
1156.68506	0.58799
1156.68506	0.54349
1156.68579	0.24742
1156.68579	0.47903
1156.68579	-1.87895
1156.68579	1.61257
1156.68579	0.52975
1156.68652	1.37986
1156.68652	0.25798
1156.68652	1.68787
1156.68652	0.53894
1156.68652	0.52141
1156.68726	1.6638
1156.68726	0.5902
1156.68787	0.28738
1156.68787	1.68639
1156.68787	0.56988
1156.68787	0.55603
1156.6886	1.3442
1156.6886	1.68073
1156.6886	0.46795
1156.6886	1.60296
1156.6886	0.53313
1156.6886	0.66627
1156.68933	0.53975
1156.68933	1.65277
1156.68933	1.72344
1156.68933	1.66832
1156.68994	1.55362
1156.68994	0.45287
1156.68994	0.65951
1156.68994	0.37618
1156.68994	1.72753
1156.68994	1.59234
1156.68994	0.47565
1156.68994	1.77395
1156.6908	0.20511
1156.6908	1.54884
1156.6908	1.70599
1156.6908	1.65043
1156.6908	1.60573
1156.6908	0.50442
1156.6908	1.66437
1156.6908	1.50184
1156.6908	0.55796
1156.69153	1.62043
1156.69153	1.71057
1156.69214	1.52727
1156.69214	0.52263
1156.69214	1.36807
1156.69214	1.48808
1156.69214	0.3985
1156.69214	1.66915
1156.69214	0.47846
1156.69214	0.23943
1156.69214	1.61675
1156.69214	0.50996
1156.69287	1.67354
1156.69287	0.36307
1156.69287	1.45997
1156.69287	0.53654
1156.69287	1.50264
1156.69287	-0.54447
1156.6936	0.57942
1156.6936	0.28859
1156.6936	1.59638
1156.6936	0.50668
1156.6936	1.72605
1156.6936	0.61766
1156.6936	1.62313
1156.69421	0.53443
1156.69421	1.59941
1156.69421	0.32452
1156.69421	1.78236
1156.69421	-1.76939
1156.69421	0.40281
1156.69421	1.71387
1156.69495	1.70538
1156.69495	0.45211
1156.69495	1.80656
1156.69495	1.68383
1156.6958	0.15878
1156.6958	1.66872
1156.69714	0.57355
1156.69788	0.57072
1156.69788	0.56148
1156.69788	1.49051
1156.69788	0.65562
1156.69788	1.45727
1156.69788	0.56087
1156.69849	0.58202
1156.69849	0.47108
1156.69849	1.46217
1156.69849	0.53551
1156.69849	0.48649
1156.69922	1.57879
1156.69922	0.49397
1156.69922	0.35547
1156.69922	0.39712
1156.69995	1.72559
1156.69995	1.68063
1156.69995	1.71398
1156.69995	0.4224
1156.70081	1.45111
1156.70081	1.75673
1156.70081	1.73632
1156.70081	0.67382
1156.70081	0.64822
1156.70081	1.77975
1156.70081	1.52032
1156.70081	0.45936
1156.70081	0.58413
1156.70142	0.18831
1156.70142	1.24915
1156.70142	1.75752
1156.70142	1.5676
1156.70142	1.75132
1156.70142	0.6251
1156.70142	0.63752
1156.70142	0.36627
1156.70215	0.40352
1156.70215	1.64519
1156.70215	0.62781
1156.70288	0.40639
1156.70288	0.59175
1156.70349	1.56708
1156.70349	0.72886
1156.70422	1.18241
1156.70422	0.54186
1156.70422	1.41304
1156.70422	0.60996
1156.70422	0.47428
1156.70422	0.60327
1156.70422	1.57916
1156.70422	1.50922
1156.70496	1.55344
1156.70496	0.29459
1156.70496	0.50763
1156.70496	0.56598
1156.70496	1.79079
1156.70557	1.68405
1156.70557	0.53755
1156.70557	0.50022
1156.70557	1.81125
1156.70642	0.4462
1156.70715	0.4053
1156.70715	0.36335
1156.70715	0.51542
1156.70715	0.67933
1156.70715	0.54118
1156.70715	0.51505
1156.70776	1.82241
1156.70776	0.41312
1156.70776	0.64922
1156.70776	0.56006
1156.70776	1.54077
1156.70776	0.44768
1156.70776	0.55389
1156.70776	0.6793
1156.70776	0.47405
1156.70776	0.39876
1156.70776	1.65601
1156.7085	0.57292
1156.7085	0.49999
1156.7085	1.7854
1156.7085	0.62474
1156.7085	1.41466
1156.7085	0.36299
1156.70923	1.60986
1156.70923	1.33632
1156.70923	1.5079
1156.70923	1.6284
1156.70923	1.51155
1156.70923	0.51452
1156.70984	1.77013
1156.70984	1.75985
1156.70984	0.37652
1156.70984	1.49444
1156.70984	1.8029
1156.70984	0.55183
1156.70984	1.64175
1156.70984	0.36359
1156.71057	0.34695
1156.71057	1.51355
1156.71057	0.56344
1156.71143	1.68521
1156.71143	0.47897
1156.71143	1.66461
1156.71143	0.5491
1156.71143	0.65268
1156.71204	1.62335
1156.71204	0.64808
1156.71204	0.52089
1156.71204	1.68729
1156.71204	0.54743
1156.71204	1.49834
1156.71277	0.37351
1156.71277	1.53022
1156.7135	1.67129
1156.7135	0.54637
1156.7135	0.33854
1156.71411	0.26478
1156.71411	0.55886
1156.71411	1.49208
1156.71484	0.77516
1156.71484	1.62844
1156.71484	0.45515
1156.71484	0.57845
1156.71558	0.40097
1156.71558	1.53964
1156.71643	0.56011
1156.71643	0.63066
1156.71643	1.71847
1156.71643	0.55971
1156.71643	0.46604
1156.71643	1.75268
1156.71704	0.65632
1156.71704	1.82561
1156.71704	0.59371
1156.71777	0.58201
1156.71777	0.62278
1156.71777	1.5369
1156.71777	0.53184
1156.71777	1.56824
1156.71777	0.59207
1156.71777	0.50782
1156.71777	1.72186
1156.71851	1.61315
1156.71851	1.64687
1156.71851	0.42223
1156.71851	1.66743
1156.71851	0.70353
1156.71851	0.54666
1156.71912	0.54776
1156.71912	0.54471
1156.71985	0.55521
1156.71985	1.7089
1156.71985	0.68252
1156.72058	1.68234
1156.72119	0.61404
1156.72278	0.62012
1156.72278	0.40059
1156.72339	0.36448
1156.72339	0.43422
1156.72339	1.72451
1156.72339	1.56207
1156.72339	0.50451
1156.72339	0.59172
1156.72412	0.63516
1156.72412	0.62697
1156.72485	0.55291
1156.72485	0.73188
1156.72546	1.66728
1156.72546	0.44612
1156.72546	0.11967
1156.72546	0.64086
1156.72546	1.45209
1156.72546	0.56581
1156.7262	0.25378
1156.7262	1.76011
1156.72705	1.57993
1156.72705	1.55115
1156.72705	0.44989
1156.72766	0.68153
1156.72766	0.54019
1156.72766	0.68804
1156.72839	1.80639
1156.72839	0.56201
1156.72913	0.49077
1156.72913	1.66746
1156.72913	0.62085
1156.72913	0.4115
1156.72986	1.77055
1156.72986	1.65517
1156.73047	0.4319
1156.73047	1.65531
1156.73047	0.76768
1156.73047	1.76254
1156.73047	0.52663
1156.7312	0.55748
1156.7312	1.61003
1156.7312	0.6046
1156.7312	1.70793
1156.73206	0.40289
1156.73206	1.76223
1156.73206	0.62235
1156.73206	1.41824
1156.73206	1.72086
1156.73206	0.32391
1156.73267	0.55978
1156.73267	1.56987
1156.73267	0.40666
1156.73267	1.62968
1156.7334	0.29179
1156.7334	1.74489
1156.7334	0.51921
1156.7334	1.81403
1156.7334	1.57075
1156.7334	0.47371
1156.73413	0.72004
1156.73413	1.60698
1156.73413	0.67192
1156.73413	1.56668
1156.73413	1.57053
1156.73413	0.52857
1156.73413	1.7188
1156.73413	1.43431
1156.73474	0.45507
1156.73474	0.64803
1156.73474	0.38549
1156.73474	0.54076
1156.73474	1.65933
1156.73547	1.45867
1156.73547	1.53753
1156.73547	0.34247
1156.73547	0.65702
1156.73621	1.59088
1156.73621	0.68771
1156.73621	0.432
1156.73682	1.72638
1156.73767	1.75354
1156.73767	0.58483
1156.73767	0.62838
1156.73767	1.67417
1156.73767	0.51419
1156.73767	1.69603
1156.7384	0.5897
1156.7384	1.6213
1156.7384	0.59438
1156.73901	0.7619
1156.73901	0.4075
1156.73975	0.57165
1156.73975	1.66189
1156.73975	0.49491
1156.73975	0.35252
1156.74048	0.74062
1156.74048	1.56478
1156.74048	0.49214
1156.74048	0.37711
1156.74109	0.56314
1156.74109	1.59446
1156.74182	1.73563
1156.74182	1.62846
1156.74182	0.55728
1156.74182	0.59501
1156.74182	1.78751
1156.74182	0.57297
1156.74268	1.65902
1156.74268	0.3924
1156.74268	0.45012
1156.74268	1.56172
1156.74341	0.43155
1156.74341	0.53115
1156.74341	1.68193
1156.74341	1.84539
1156.74341	1.7435
1156.74341	0.78756
1156.74402	0.77311
1156.74402	0.1957
1156.74402	1.6315
1156.74402	1.72565
1156.74475	0.45313
1156.74475	0.45499
1156.74475	0.55164
1156.74475	0.64408
1156.74548	1.88043
1156.74548	0.55612
1156.74548	1.61907
1156.74548	0.21055
1156.74548	0.47665
1156.74609	1.74259
1156.74609	1.85059
1156.74609	1.68854
1156.74609	1.5953
1156.74609	0.4968
1156.74609	0.16875
1156.74683	0.54644
1156.74683	0.65734
1156.74683	1.70627
1156.74683	1.68607
1156.74768	0.67083
1156.74768	0.39501
1156.74768	0.39804
1156.74768	0.45331
1156.74768	1.66604
1156.74768	0.56829
1156.74829	0.38486
1156.74902	1.75903
1156.74902	0.34961
1156.74902	1.65248
1156.74976	0.45317
1156.74976	0.62987
1156.74976	0.5031
1156.75037	0.24066
1156.75037	0.76685
1156.75037	0.78651
1156.7511	1.64712
1156.7511	0.23296
1156.7511	0.21962
1156.7511	1.59168
1156.75183	1.75425
1156.75183	0.03552
1156.75183	1.56942
1156.75183	1.47484
1156.75183	1.68504
1156.75183	0.3258
1156.75244	1.41583
1156.75244	0.51792
1156.7533	0.92641
1156.7533	0.33034
1156.7533	0.44937
1156.7533	0.54202
1156.75403	0.59195
1156.75403	0.32195
1156.75403	0.79293
1156.75403	1.58699
1156.75403	1.74938
1156.75464	0.7535
1156.75464	1.81572
1156.75464	0.49482
1156.75464	1.64693
1156.75464	0.72597
1156.75464	1.47188
1156.75464	1.58938
1156.75537	1.69817
1156.75537	0.61036
1156.75537	1.87721
1156.75537	0.76859
1156.75537	1.73421
1156.7561	0.81788
1156.7561	0.79965
1156.7561	1.82256
1156.7561	0.72022
1156.7561	1.59141
1156.7561	0.58038
1156.75671	1.66961
1156.75671	0.78151
1156.75671	1.65026
1156.75671	0.54277
1156.75671	1.55499
1156.75745	1.75822
1156.75745	1.81348
1156.75745	1.76038
1156.75745	0.71029
1156.75745	1.79296
1156.75745	1.63598
1156.75745	1.71381
1156.75745	0.5396
1156.75745	1.58532
1156.75745	0.54001
1156.7583	1.6456
1156.7583	0.61185
1156.7583	1.65462
1156.7583	1.68589
1156.7583	1.61216
1156.7583	1.64551
1156.7583	0.54409
1156.7583	1.00122
1156.7583	0.62148
1156.75903	0.55684
1156.75903	1.01985
1156.75903	0.49316
1156.75964	1.46984
1156.75964	1.64334
1156.75964	1.46593
1156.76038	0.58231
1156.76038	1.48299
1156.76038	1.83039
1156.76038	1.85103
1156.76038	0.52886
1156.76038	0.558
1156.76111	1.66573
1156.76111	0.61635
1156.76111	0.89523
1156.76172	0.62289
1156.76172	0.45564
1156.76172	1.5757
1156.76172	0.48031
1156.76245	0.30157
1156.76245	1.61597
1156.76245	0.51454
1156.76245	1.57618
1156.76245	0.56975
1156.76331	1.74797
1156.76331	1.59383
1156.76331	1.6801
1156.76392	0.55251
1156.76392	1.74784
1156.76392	0.48211
1156.76392	1.66824
1156.76392	0.40283
1156.76392	1.71844
1156.76465	0.46811
1156.76465	1.79978
1156.76465	0.61164
1156.76538	0.35124
1156.76538	0.27053
1156.76538	0.46365
1156.76538	1.75552
1156.76538	1.60665
1156.76599	1.61383
1156.76672	1.57256
1156.76672	0.4592
1156.76672	1.58631
1156.76672	0.93864
1156.76672	1.8046
1156.76746	0.42922
1156.76746	1.8003
1156.76746	1.70386
1156.76746	1.25271
1156.76746	0.55122
1156.76746	1.62803
1156.76807	0.42077
1156.76807	1.61068
1156.76807	0.62094
1156.76807	1.72964
1156.76807	0.70198
1156.76892	0.51647
1156.76892	0.53104
1156.76892	0.68881
1156.76965	1.69811
1156.77026	0.46349
1156.77026	1.7643
1156.77026	0.53069
1156.77026	1.57848
1156.77026	0.64669
1156.771	0.595
1156.771	0.60413
1156.771	1.64669
1156.771	0.49461
1156.771	1.76548
1156.771	1.73848
1156.771	1.55626
1156.77173	0.59502
1156.77173	0.65958
1156.77173	1.70998
1156.77246	0.48658
1156.77246	0.65876
1156.77307	0.60277
1156.77307	0.58206
1156.77307	0.64292
1156.77307	1.59386
1156.77307	1.57227
1156.77307	0.70267
1156.77393	0.63672
1156.77393	0.39089
1156.77393	1.72476
1156.77393	0.64883
1156.77393	1.72972
1156.77466	1.91233
1156.77466	0.44929
1156.77466	1.74699
1156.77466	1.71444
1156.77466	0.53414
1156.77466	0.22293
1156.77527	1.60459
1156.77527	1.82093
1156.77527	0.57731
1156.77527	0.57407
1156.77527	1.62812
1156.77527	0.48099
1156.776	0.68564
1156.776	1.69738
1156.776	0.39127
1156.776	0.81144
1156.776	1.54821
1156.77673	0.14798
1156.77673	0.51988
1156.77734	1.60157
1156.77734	1.68199
1156.77734	0.49814
1156.77734	1.6036
1156.77808	0.55974
1156.77808	0.72829
1156.77808	0.33069
1156.77893	1.76564
1156.77893	1.41024
1156.77954	0.49174
1156.77954	1.86083
1156.77954	0.61059
1156.77954	0.44825
1156.77954	0.50093
1156.77954	1.82882
1156.77954	0.52544
1156.78027	0.60927
1156.78027	0.46066
1156.78027	0.23171
1156.78027	1.73331
1156.78101	0.77878
1156.78101	0.32745
1156.78101	1.7316
1156.78101	0.53719
1156.78101	0.58694
1156.78162	0.61806
1156.78162	0.22827
1156.78162	1.59547
1156.78235	1.77616
1156.78235	0.56337
1156.78235	0.70021
1156.78235	0.47524
1156.78308	1.77823
1156.78308	1.70466
1156.78308	0.41948
1156.78308	1.6951
1156.78308	1.70979
1156.78369	0.4614
1156.78369	0.52253
1156.78369	1.57627
1156.78369	1.42491
1156.78369	1.74232
1156.78455	0.30695
1156.78455	1.68316
1156.78455	1.159
1156.78455	0.29024
1156.78455	0.5509
1156.78455	1.76349
1156.78528	0.2925
1156.78528	1.73485
1156.78528	0.59582
1156.78528	1.56565
1156.78601	1.67193
1156.78601	1.60608
1156.78601	1.61005
1156.78601	0.2809
1156.78601	1.63521
1156.78601	1.51145
1156.78662	0.7662
1156.78662	0.56031
1156.78735	0.5615
1156.78735	1.72872
1156.78735	0.58494
1156.78735	1.66414
1156.78809	1.81927
1156.78809	0.53672
1156.7887	0.60079
1156.7887	1.80538
1156.7887	0.52644
1156.7887	0.56304
1156.7887	1.30868
1156.7887	0.53392
1156.78955	0.63483
1156.78955	0.85594
1156.79028	1.76128
1156.79028	0.42853
1156.79028	0.59645
1156.79028	0.73302
1156.79028	1.61589
1156.79028	0.442
1156.79028	1.76315
1156.79028	0.67243
1156.79089	1.7118
1156.79089	1.58044
1156.79089	1.7415
1156.79163	1.69406
1156.79163	0.54044
1156.79163	0.57675
1156.79163	0.73479
1156.79163	0.51993
1156.79236	0.42766
1156.79236	0.62734
1156.79297	1.77222
1156.79297	1.75396
1156.79297	0.51029
1156.79297	1.7371
1156.79297	0.41702
1156.79297	1.77711
1156.79297	1.6153
1156.79297	1.60771
1156.79297	0.57607
1156.7937	0.46543
1156.7937	0.18981
1156.7937	0.44979
1156.7937	0.02894
1156.79456	0.52404
1156.79456	0.59242
1156.79456	0.56673
1156.79456	1.69585
1156.79456	0.61249
1156.79456	0.51389
1156.79456	1.64303
1156.79456	1.66286
1156.79517	1.6494
1156.79517	0.44796
1156.79517	0.21023
1156.79517	0.65002
1156.79517	1.51423
1156.79517	0.54455
1156.79517	0.611
1156.79517	1.78197
1156.7959	0.61568
1156.7959	0.3703
1156.7959	0.40105
1156.7959	0.5131
1156.7959	0.2837
1156.79663	0.44742
1156.79663	0.43968
1156.79724	0.5371
1156.79724	1.3148
1156.79724	1.91172
1156.79724	1.5341
1156.79724	0.61438
1156.79724	1.63878
1156.79797	0.75702
1156.79797	0.40487
1156.79797	0.56037
1156.79797	1.83348
1156.79797	1.67676
1156.79797	0.62264
1156.79797	0.5646
1156.79797	0.76445
1156.79871	0.47686
1156.79871	1.68818
1156.79871	0.53605
1156.79871	0.46287
1156.79871	0.43516
1156.79932	0.70909
1156.79932	0.59762
1156.79932	0.44199
1156.79932	0.39907
1156.79932	0.57699
1156.80017	1.62684
1156.80017	0.45447
1156.80017	0.48897
1156.8009	0.72356
1156.8009	0.30669
1156.8009	0.50388
1156.8009	1.65708
1156.8009	0.46643
1156.80164	0.54021
1156.80164	0.37282
1156.80164	0.57591
1156.80164	1.28801
1156.80164	0.51074
1156.80225	1.81093
1156.80225	0.02097
1156.80298	0.48179
1156.80298	1.75406
1156.80298	1.77968
1156.80298	0.2977
1156.80298	0.43386
1156.80298	1.90566
1156.80371	0.59829
1156.80371	1.71179
1156.80371	0.44155
1156.80432	1.20746
1156.80432	0.61824
1156.80432	0.65201
1156.80432	1.71703
1156.80432	0.55656
1156.80432	1.64314
1156.80518	1.71439
1156.80518	0.62234
1156.80518	0.69816
1156.80518	0.54536
1156.80518	0.638
1156.80591	1.23223
1156.80591	1.72956
1156.80591	1.59315
1156.80591	1.58669
1156.80591	0.64531
1156.80591	1.67489
1156.80591	1.69134
1156.80591	0.44303
1156.80652	1.60355
1156.80652	0.58479
1156.80652	1.63749
1156.80652	0.49326
1156.80652	0.75205
1156.80652	0.5039
1156.80725	0.52329
1156.80725	1.6591
1156.80725	0.4502
1156.80725	0.62561
1156.80725	1.74626
1156.80798	0.60212
1156.80859	0.49716
1156.80859	1.67399
1156.80859	0.61736
1156.80933	0.44582
1156.80933	1.70027
1156.80933	0.53516
1156.80933	0.45496
1156.80933	1.67553
1156.81018	1.64659
1156.81018	1.65528
1156.81079	0.57645
1156.81079	0.34604
1156.81152	1.81948
1156.81152	0.53695
1156.81152	0.47275
1156.81226	0.54396
1156.81226	1.72851
1156.81287	0.22504
1156.81287	0.62118
1156.81287	0.61088
1156.81287	0.64815
1156.8136	0.64413
1156.8136	1.74132
1156.8136	0.37936
1156.8136	0.55257
1156.8136	0.49915
1156.81433	0.59511
1156.81433	0.28841
1156.81433	0.57692
1156.81433	1.24438
1156.81433	0.61093
1156.81519	1.34829
1156.81519	0.53866
1156.8158	1.61886
1156.8158	1.6735
1156.8158	0.43635
1156.81653	1.59195
1156.81653	0.62812
1156.81653	1.70132
1156.81653	0.50433
1156.81653	0.46989
1156.81653	1.63838
1156.81653	1.63627
1156.81653	1.60032
1156.81653	0.55536
1156.81653	0.44628
1156.81726	1.86807
1156.81726	0.44634
1156.81726	0.51182
1156.81787	1.77154
1156.81787	0.41972
1156.81787	1.51154
1156.81787	1.66365
1156.81787	1.63571
1156.81787	0.55549
1156.81787	0.59982
1156.8186	0.70146
1156.8186	0.1268
1156.8186	0.51052
1156.8186	0.55266
1156.8186	0.60448
1156.8186	0.51598
1156.8186	1.63745
1156.81934	0.67169
1156.81934	1.62865
1156.81934	0.5218
1156.81995	1.61164
1156.81995	0.6563
1156.8208	0.474
1156.8208	0.54117
1156.8208	0.59338
1156.8208	1.65573
1156.8208	1.74753
1156.8208	0.55788
1156.82153	0.44971
1156.82153	1.60965
1156.82153	0.74976
1156.82153	1.66008
1156.82214	0.53431
1156.82214	1.60257
1156.82214	0.59455
1156.82214	0.62841
1156.82214	0.50136
1156.82214	1.60415
1156.82288	0.50946
1156.82288	0.60445
1156.82288	1.59198
1156.82288	0.5623
1156.82288	1.65101
1156.82288	0.77713
1156.82361	1.64339
1156.82361	0.3093
1156.82361	0.57281
1156.82361	0.59255
1156.82422	0.56291
1156.82422	0.31918
1156.82422	0.62776
1156.82495	0.52896
1156.82495	1.83038
1156.82495	0.44073
1156.82495	0.47863
1156.82495	0.33877
1156.82495	0.53127
1156.82581	0.57508
1156.82581	0.37756
1156.82581	1.19456
1156.82581	0.56435
1156.82581	0.29463
1156.82581	0.61011
1156.82642	0.4795
1156.82642	0.49436
1156.82642	1.74482
1156.82642	0.29436
1156.82642	0.6468
1156.82642	1.58002
1156.82642	0.50337
1156.82642	1.59851
1156.82715	0.62429
1156.82715	0.3955
1156.82715	1.73264
1156.82715	0.55806
1156.82715	0.5585
1156.82715	0.57199
1156.82715	0.73926
1156.82715	1.5715
1156.82788	0.51043
1156.82788	0.57512
1156.82788	0.59368
1156.82788	1.25972
1156.82788	0.52804
1156.82788	0.70082
1156.82788	0.38239
1156.82788	1.4123
1156.82788	0.70169
1156.82788	0.6011
1156.82861	0.32649
1156.82861	0.47581
1156.82861	1.71215
1156.82861	0.50348
1156.82861	0.51865
1156.82861	0.40263
1156.82861	0.51334
1156.82922	0.51727
1156.82922	1.67515
1156.82922	1.61825
1156.82996	1.54136
1156.82996	1.59199
1156.82996	0.68828
1156.82996	0.50826
1156.82996	0.64608
1156.83081	0.67841
1156.83081	0.68402
1156.83081	0.29678
1156.83081	0.73443
1156.83081	1.61978
1156.83081	0.6869
1156.83142	0.72192
1156.83142	0.63394
1156.83142	1.59486
1156.83142	1.63934
1156.83142	0.34097
1156.83215	0.6945
1156.83215	1.74657
1156.83215	0.36024
1156.83215	0.6027
1156.83215	1.69735
1156.83289	1.70157
1156.83289	0.83287
1156.83289	0.4754
1156.83289	0.44297
1156.83289	0.56887
1156.83289	0.66613
1156.8335	1.68818
1156.8335	0.91184
1156.83423	1.63626
1156.83423	0.46588
1156.83423	0.88013
1156.83423	0.59089
1156.83423	0.77175
1156.83423	1.72078
1156.83496	1.56062
1156.83496	0.56497
1156.83496	1.74908
1156.83496	0.69805
1156.83496	0.74838
1156.83496	0.62643
1156.83496	0.79543
1156.83557	0.61424
1156.83557	0.66455
1156.83557	1.68982
1156.83557	0.6087
1156.83557	1.28095
1156.83557	0.74219
1156.83557	1.80889
1156.83557	1.65957
1156.83557	0.62063
1156.83643	0.7886
1156.83643	1.64921
1156.83716	0.8161
1156.83716	0.87611
1156.83716	0.52042
1156.83716	0.91926
1156.83716	1.72055
1156.83716	1.44804
1156.83716	1.65096
1156.83716	0.6974
1156.83716	0.54055
1156.83716	1.29283
1156.83777	0.67723
1156.83777	1.55844
1156.83777	1.68092
1156.83777	0.81277
1156.8385	0.65683
1156.8385	0.66971
1156.8385	0.85102
1156.8385	1.69739
1156.83923	1.59436
1156.83923	0.62919
1156.83923	0.62856
1156.83923	0.87538
1156.83984	0.78256
1156.83984	0.71604
1156.83984	1.58384
1156.83984	0.75961
1156.83984	0.6657
1156.84058	1.88943
1156.84058	0.70227
1156.84058	1.77707
1156.84143	1.88897
1156.84143	1.80169
1156.84143	1.7043
1156.84143	1.87733
1156.84204	0.85916
1156.84204	0.83276
1156.84204	0.9926
1156.84204	1.77349
1156.84277	0.7358
1156.84277	1.67125
1156.84277	1.6391
1156.84277	1.71844
1156.84277	0.76616
1156.84277	0.85701
1156.84277	1.89049
1156.84277	0.51009
1156.84351	0.69368
1156.84351	0.75728
1156.84351	1.66024
1156.84351	0.96216
1156.84424	1.64778
1156.84424	1.75109
1156.84485	1.60512
1156.84485	1.67228
1156.84485	0.23218
1156.84485	0.71421
1156.84558	1.52213
1156.84558	0.73098
1156.84558	1.67931
1156.84558	1.63325
1156.84558	0.48777
1156.84558	0.56346
1156.84558	1.58754
1156.84558	0.99096
1156.84644	1.75134
1156.84644	1.77917
1156.84644	1.67488
1156.84644	0.81421
1156.84644	1.91311
1156.84705	1.61139
1156.84705	0.73776
1156.84705	0.85347
1156.84778	0.44988
1156.84778	1.71672
1156.84778	0.80087
1156.84778	0.78885
1156.84778	0.82622
1156.84851	0.90105
1156.84851	1.7501
1156.84851	1.81105
1156.84851	0.55087
1156.84851	1.69259
1156.84851	1.7048
1156.84912	1.74412
1156.84912	1.59667
1156.84912	0.82052
1156.84912	0.72819
1156.84912	0.47764
1156.84985	0.83138
1156.84985	1.46538
1156.84985	1.78878
1156.85059	0.75755
1156.85059	1.27387
1156.85059	0.74682
1156.85059	0.69994
1156.85059	1.58426
1156.8512	1.70498
1156.85205	0.80453
1156.85205	1.52065
1156.85205	1.8425
1156.85205	0.7002
1156.85278	0.76211
1156.85278	1.66007
1156.85278	0.80493
1156.85339	1.86833
1156.85339	0.7079
1156.85413	1.50682
1156.85413	0.81898
1156.85413	0.75993
1156.85486	1.56071
1156.85486	1.82062
1156.85486	0.68401
1156.85486	0.70289
1156.85486	0.6835
1156.85547	1.629
1156.85547	1.55312
1156.85547	0.68962
1156.85706	0.78332
1156.85706	1.79287
1156.85706	1.51365
1156.85706	0.87823
1156.85706	1.71047
1156.85706	1.36028
1156.85779	0.66096
1156.85779	0.66978
1156.85779	1.18164
1156.85779	0.88668
1156.8584	1.79718
1156.8584	1.56831
1156.85913	0.63676
1156.85913	0.65572
1156.85913	0.68739
1156.85913	1.68222
1156.85913	0.60611
1156.85913	0.75004
1156.85913	1.64076
1156.85986	0.85713
1156.85986	0.65217
1156.85986	1.70599
1156.85986	0.6112
1156.86047	1.71702
1156.86047	1.68034
1156.86047	1.78965
1156.86047	0.38274
1156.86047	1.71105
1156.86206	1.72167
1156.86206	0.72805
1156.86267	0.94464
1156.86267	0.75104
1156.8634	0.70906
1156.8634	0.76941
1156.8634	0.70041
1156.86414	1.7457
1156.86414	0.53928
1156.86475	1.66701
1156.86548	0.81631
1156.86548	0.61046
1156.86548	1.61496
1156.86548	1.68923
1156.86548	1.86729
1156.86548	1.75759
1156.86621	1.77983
1156.86621	0.47664
1156.86621	0.63957
1156.86621	0.71509
1156.86682	0.89406
1156.86682	1.59996
1156.86682	0.61776
1156.86682	0.56824
1156.86682	0.68279
1156.86768	1.78744
1156.86768	1.91014
1156.86768	0.64725
1156.86768	1.87612
1156.86768	0.55971
1156.86841	0.57226
1156.86841	1.65387
1156.86902	1.58648
1156.86902	1.68385
1156.86902	1.68497
1156.86902	1.7939
1156.86975	0.75108
1156.86975	0.72344
1156.86975	1.64384
1156.86975	1.55971
1156.86975	0.61725
1156.86975	0.89733
1156.87048	0.5245
1156.87048	0.74807
1156.87048	1.73031
1156.87048	1.63108
1156.87122	0.66654
1156.87122	0.53861
1156.87183	1.81321
1156.87183	0.62776
1156.87183	1.84807
1156.87183	0.81165
1156.87183	0.62738
1156.87268	1.76148
1156.87268	1.82145
1156.87268	0.70075
1156.87341	1.83765
1156.87341	1.72942
1156.87341	0.78911
1156.87402	0.80822
1156.87476	1.66555
1156.87476	1.69966
1156.87549	1.61403
1156.87549	0.54556
1156.8761	1.61509
1156.87683	1.51033
1156.87683	0.88968
1156.87683	0.58955
1156.87769	0.36293
1156.87769	0.51388
1156.87769	0.74744
1156.87769	0.48223
1156.87769	0.65574
1156.8783	0.84566
1156.87903	1.64247
1156.87903	0.57254
1156.87903	0.57477
1156.87976	0.66157
1156.87976	1.76577
1156.87976	1.73858
1156.88037	1.42152
1156.88037	1.55168
1156.88037	1.73327
1156.8811	0.77143
1156.8811	0.76884
1156.8811	0.71764
1156.88184	0.56166
1156.88184	1.68828
1156.88184	0.69719
1156.88184	0.57344
1156.88245	0.7523
1156.88245	0.57296
1156.88245	1.15185
1156.88245	0.60521
1156.8833	0.89611
1156.8833	0.79532
1156.8833	1.68607
1156.8833	1.60741
1156.8833	0.54247
1156.8833	1.73808
1156.88403	1.12657
1156.88403	0.63941
1156.88403	0.65895
1156.88403	1.73903
1156.88464	1.74022
1156.88464	1.74203
1156.88464	0.93022
1156.88464	0.81123
1156.88464	1.83285
1156.88538	0.70571
1156.88538	0.65963
1156.88538	1.66198
1156.88538	0.81125
1156.88611	1.74509
1156.88611	1.6614
1156.88684	0.46374
1156.88684	0.72755
1156.88684	1.64187
1156.88831	1.35095
1156.88831	1.68438
1156.88831	1.56946
1156.88831	0.50679
1156.88904	1.64976
1156.88904	1.64641
1156.88904	1.52741
1156.88965	1.5
1156.88965	0.66588
1156.89038	0.90663
1156.89038	1.88197
1156.89038	0.67455
1156.89038	1.63257
1156.89038	1.68089
1156.89111	1.70628
1156.89111	0.64187
1156.89172	1.48243
1156.89172	0.90866
1156.89172	1.78626
1156.89172	0.69569
1156.89172	1.69718
1156.89172	1.6433
1156.89172	0.56873
1156.89172	0.57866
1156.89246	1.75359
1156.89246	0.90517
1156.89331	1.64618
1156.89331	1.75564
1156.89331	0.55138
1156.89331	1.67153
1156.89331	0.70953
1156.89331	0.57792
1156.89392	1.79428
1156.89392	1.53746
1156.89392	1.60657
1156.89392	1.47515
1156.89465	0.57953
1156.89465	0.82067
1156.89465	1.82014
1156.89539	0.64787
1156.89539	1.40821
1156.89539	0.74886
1156.896	0.61246
1156.89673	1.45196
1156.89673	0.6306
1156.89673	1.48007
1156.89673	0.61079
1156.89673	1.66049
1156.89746	1.65659
1156.89746	0.5116
1156.89746	1.63802
1156.89746	0.44791
1156.89807	1.33749
1156.89807	0.78527
1156.89807	1.7355
1156.89807	1.67381
1156.89807	1.67509
1156.89807	1.72672
1156.89893	0.64232
1156.89893	1.40587
1156.89893	1.70397
1156.89893	1.58036
1156.89893	1.70862
1156.89893	1.78255
1156.89966	0.73383
1156.89966	1.83958
1156.89966	0.73006
1156.90039	0.69153
1156.90039	1.67073
1156.90039	1.64261
1156.90039	0.63851
1156.901	1.72627
1156.901	1.60563
1156.901	0.813
1156.90173	1.65949
1156.90173	0.57515
1156.90173	1.31821
1156.90247	1.50483
1156.90247	1.404
1156.90247	1.68819
1156.90247	0.74978
1156.90247	1.5725
1156.90247	0.64594
1156.90308	1.78152
1156.90308	0.76976
1156.90308	0.69132
1156.90308	1.7924
1156.90308	1.66557
1156.90308	0.54571
1156.90393	0.78188
1156.90393	1.71441
1156.90393	0.74059
1156.90466	0.48597
1156.90466	0.69239
1156.90466	0.78635
1156.90466	0.69522
1156.90527	1.62086
1156.90527	1.54132
1156.90601	0.57763
1156.90601	1.76717
1156.90601	1.79388
1156.90601	0.39679
1156.90601	0.81247
1156.90674	1.72357
1156.90674	1.56283