1156.27881,1.62884,0
1156.74268,1.65902,0
1156.81018,1.65528,0
1156.85205,1.52065,0
1156.70349,1.56708,0
1156.86902,1.68385,0
1156.25818,1.74389,0
1156.32483,1.76212,0
1156.78369,1.74232,0
1156.77734,1.68199,0
1156.87976,1.73858,0
1156.85059,1.58426,0
1156.84558,1.58754,0
1156.28796,1.58293,0
1156.51025,1.43456,0
1156.65308,1.67459,0
1156.58142,1.54185,0
1156.27222,1.658,0
1156.52527,1.59984,0
1156.46545,1.60219,0
1156.64026,1.58458,0
1156.47473,1.62649,0
1156.6908,1.66437,0
1156.28796,1.73551,0
1156.6084,1.81323,0
1156.36609,1.71767,0
1156.90247,1.5725,0
1156.49536,1.6884,0
1156.58411,1.56723,0
1156.51453,1.5473,0
1156.33972,1.50991,0
1156.35901,1.48506,0
1156.7511,1.64712,0
1156.28723,1.57187,0
1156.75464,1.47188,0
1156.65161,1.67621,0
1156.35266,1.70696,0
1156.75745,1.63598,0
1156.59619,1.73452,0
1156.84644,1.77917,0
1156.771,1.64669,0
1156.60693,1.70998,0
1156.89331,1.67153,0
1156.34192,1.57894,0
1156.89038,1.88197,0
1156.58142,1.43722,0
1156.27295,1.62275,0
1156.36108,1.59668,0
1156.34338,1.75498,0
1156.51453,1.52537,0
1156.46973,1.66759,0
1156.32837,1.63919,0
1156.36255,1.71629,0
1156.48682,1.64904,0
1156.8761,1.61509,0
1156.26025,1.74517,0
1156.33337,1.61589,0
1156.54932,1.60951,0
1156.60767,1.75917,0
1156.59619,1.77414,0
1156.79456,1.66286,0
1156.54724,1.7659,0
1156.50818,1.36477,0
1156.58984,1.65776,0
1156.61902,1.57564,0
1156.7583,1.6456,0
1156.84851,1.7048,0
1156.61829,1.52309,0
1156.39526,1.64338,0
1156.40796,1.76049,0
1156.61267,1.45471,0
1156.73767,1.75354,0
1156.79517,1.6494,0
1156.68994,1.55362,0
1156.35193,1.60845,0
1156.90247,1.50483,0
1156.88904,1.52741,0
1156.48328,1.67843,0
1156.76538,1.60665,0
1156.34338,1.61794,0
1156.32837,1.68712,0
1156.62402,1.81015,0
1156.90674,1.56283,0
1156.63818,1.61049,0
1156.45142,1.6979,0
1156.76672,1.58631,0
1156.80591,1.58669,0
1156.4165,1.53271,0
1156.59766,1.72852,0
1156.52234,1.72273,0
1156.28149,1.75491,0
1156.80652,1.63749,0
1156.69421,1.78236,0
1156.7312,1.61003,0
1156.44275,1.65255,0
1156.67017,1.49659,0
1156.69788,1.45727,0
1156.34045,1.70266,0
1156.85706,1.71047,0
1156.72705,1.57993,0
1156.75537,1.87721,0
1156.30847,1.72167,0
1156.83496,1.56062,0
1156.71777,1.72186,0
1156.3717,1.65268,0
1156.84912,1.59667,0
1156.45776,1.7124,0
1156.84058,1.88943,0
1156.37097,1.64136,0
1156.66235,1.68009,0
1156.56079,1.47584,0
1156.29919,1.61567,0
1156.54297,1.71758,0
1156.76392,1.66824,0
1156.34839,1.36958,0
1156.39453,1.6814,0
1156.79089,1.58044,0
1156.86975,1.55971,0
1156.65234,1.70022,0
1156.67651,1.45703,0
1156.55786,1.53764,0
1156.85706,1.51365,0
1156.83777,1.55844,0
1156.76672,1.57256,0
1156.84351,1.66024,0
1156.37964,1.66095,0
1156.49036,1.68298,0
1156.88464,1.83285,0
1156.68933,1.72344,0
1156.30139,1.75721,0
1156.81787,1.63571,0
1156.6958,1.66872,0
1156.43286,1.5506,0
1156.771,1.55626,0
1156.60413,1.67299,0
1156.48828,1.61047,0
1156.25171,1.80874,0
1156.68652,1.37986,0
1156.79797,1.83348,0
1156.27795,1.48447,0
1156.6709,1.67883,0
1156.3363,1.57632,0
1156.479,1.86946,0
1156.89331,1.75564,0
1156.30078,1.68337,0
1156.80591,1.59315,0
1156.67432,1.63873,0
1156.88684,1.64187,0
1156.53235,1.71302,0
1156.44421,1.70272,0
1156.8833,1.60741,0
1156.6333,1.8824,0
1156.36255,1.62829,0
1156.83557,1.80889,0
1156.29858,1.29858,0
1156.36829,1.60448,0
1156.81787,1.66365,0
1156.36536,1.70337,0
1156.78162,1.59547,0
1156.55151,1.69198,0
1156.47839,1.50888,0
1156.7384,1.6213,0
1156.75183,1.68504,0
1156.31848,1.6868,0
1156.40454,1.75178,0
1156.89893,1.70397,0
1156.66943,1.3935,0
1156.46338,1.5943,0
1156.40588,1.73401,0
1156.87549,1.61403,0
1156.27661,1.58346,0
1156.34338,1.67291,0
1156.57776,1.68207,0
1156.86768,1.78744,0
1156.58057,1.56388,0
1156.67371,1.6655,0
1156.59204,1.66413,0
1156.52795,1.74614,0
1156.42712,1.59783,0
1156.61829,1.74409,0
1156.71411,1.49208,0
1156.8158,1.61886,0
1156.55432,1.60113,0
1156.88904,1.64641,0
1156.6012,1.43524,0
1156.57349,1.61063,0
1156.3717,1.60649,0
1156.54089,1.49739,0
1156.29224,1.48685,0
1156.42859,1.77852,0
1156.57715,1.67907,0
1156.59619,1.74945,0
1156.5238,1.82215,0
1156.55151,1.63197,0
1156.43506,1.74575,0
1156.53027,1.78739,0
1156.34399,1.63429,0
1156.61328,1.87493,0
1156.40662,1.679,0
1156.771,1.73848,0
1156.34973,1.66736,0
1156.62256,1.65202,0
1156.79517,1.51423,0
1156.31567,1.58412,0
1156.74109,1.59446,0
1156.29358,1.57874,0
1156.66724,1.71269,0
1156.29578,1.47746,0
1156.36401,1.69797,0
1156.71851,1.64687,0
1156.64099,1.66939,0
1156.46631,1.79937,0
1156.79297,1.77711,0
1156.66296,1.52686,0
1156.89673,1.66049,0
1156.27222,1.74753,0
1156.27588,1.65288,0
1156.73047,1.65531,0
1156.35046,1.75984,0
1156.75745,1.76038,0
1156.40662,1.73998,0
1156.49463,1.6742,0
1156.52161,1.70305,0
1156.70215,1.64519,0
1156.70776,1.54077,0
1156.50598,1.6678,0
1156.4967,1.6527,0
1156.25879,1.797,0
1156.64099,1.62683,0
1156.61609,1.67761,0
1156.30713,1.7193,0
1156.70984,1.64175,0
1156.37744,1.64519,0
1156.43994,1.65505,0
1156.78308,1.70979,0
1156.90527,1.54132,0
1156.61475,1.57259,0
1156.36755,1.35712,0
1156.79163,1.69406,0
1156.70142,1.5676,0
1156.76038,1.48299,0
1156.70422,1.50922,0
1156.28516,1.48686,0
1156.64893,1.64381,0
1156.6333,1.65066,0
1156.51453,1.58061,0
1156.70081,1.75673,0
1156.27454,1.68267,0
1156.34619,1.48705,0
1156.57288,1.61608,0
1156.27795,1.65617,0
1156.60693,1.75134,0
1156.27087,1.73247,0
1156.67297,1.4833,0
1156.42285,1.55174,0
1156.61829,1.49693,0
1156.80591,1.67489,0
1156.24536,1.65866,0
1156.32837,1.67513,0
1156.58484,1.82325,0
1156.61108,1.92352,0
1156.84143,1.88897,0
1156.50391,1.78327,0
1156.78455,1.76349,0
1156.54858,1.41492,0
1156.63965,1.64483,0
1156.73267,1.56987,0
1156.61829,1.46305,0
1156.7085,1.41466,0
1156.72546,1.66728,0
1156.74341,1.68193,0
1156.90601,1.76717,0
1156.83496,1.74908,0
1156.68433,1.66819,0
1156.5415,1.72953,0
1156.86548,1.68923,0
1156.36462,1.43335,0
1156.61975,1.68319,0
1156.90674,1.72357,0
1156.3988,1.80653,0
1156.40295,1.49826,0
1156.33704,1.56667,0
1156.69153,1.62043,0
1156.87976,1.76577,0
1156.69287,1.67354,0
1156.44495,1.69144,0
1156.80725,1.6591,0
1156.85706,1.79287,0
1156.69287,1.45997,0
1156.60901,1.83424,0
1156.67932,1.62365,0
1156.52307,1.60926,0
1156.61975,1.73552,0
1156.90247,1.404,0
1156.78308,1.77823,0
1156.41797,1.70172,0
1156.68225,1.75599,0
1156.73547,1.45867,0
1156.90039,1.64261,0
1156.44141,1.48735,0
1156.42151,1.68919,0
1156.79456,1.69585,0
1156.70923,1.5079,0
1156.73413,1.7188,0
1156.73975,1.66189,0
1156.32629,1.72144,0
1156.33203,1.74535,0
1156.58643,1.54024,0
1156.72913,1.66746,0
1156.8385,1.69739,0
1156.45276,1.61367,0
1156.57214,1.50741,0
1156.59485,1.49873,0
1156.32983,1.66298,0
1156.79297,1.6153,0
1156.59412,1.66761,0
1156.45068,1.50792,0
1156.62402,1.59902,0
1156.55933,1.72178,0
1156.70776,1.65601,0
1156.76965,1.69811,0
1156.79028,1.61589,0
1156.65234,1.60069,0
1156.63171,1.55827,0
1156.46631,1.67339,0
1156.26794,1.72466,0
1156.90308,1.7924,0
1156.38318,1.66793,0
1156.55017,1.69002,0
1156.28723,1.79013,0
1156.78601,1.60608,0
1156.58643,1.63433,0
1156.29443,1.50577,0
1156.45911,1.77763,0
1156.79028,1.76128,0
1156.79089,1.7118,0
1156.36328,1.76028,0
1156.2616,1.65379,0
1156.55652,1.61389,0
1156.25818,1.75823,0
1156.67151,1.54993,0
1156.67371,1.67039,0
1156.47473,1.46055,0
1156.86621,1.77983,0
1156.52234,1.69216,0
1156.68726,1.6638,0
1156.46545,1.56386,0
1156.66162,1.77876,0
1156.38733,1.65292,0
1156.7312,1.70793,0
1156.86548,1.86729,0
1156.59131,1.81075,0
1156.88904,1.64976,0
1156.80432,1.71703,0
1156.54858,1.64243,0
1156.84058,1.77707,0
1156.51807,1.46891,0
1156.3042,1.41127,0
1156.80298,1.77968,0
1156.37463,1.83642,0
1156.88464,1.74022,0
1156.479,1.75302,0
1156.85913,1.68222,0
1156.2666,1.66804,0
1156.6936,1.62313,0
1156.42358,1.54707,0
1156.46484,1.56822,0
1156.78735,1.66414,0
1156.48047,1.7307,0
1156.76245,1.57618,0
1156.75671,1.65026,0
1156.56641,1.73357,0
1156.89893,1.78255,0
1156.89893,1.40587,0
1156.45557,1.73448,0
1156.28442,1.51576,0
1156.70923,1.60986,0
1156.41016,1.3354,0
1156.4613,1.68543,0
1156.43506,1.45125,0
1156.66028,1.63364,0
1156.57715,1.61298,0
1156.84558,1.63325,0
1156.87048,1.63108,0
1156.75671,1.55499,0
1156.74683,1.70627,0
1156.60474,1.55502,0
1156.73621,1.59088,0
1156.41296,1.30137,0
1156.31982,1.68437,0
1156.43713,1.55898,0
1156.84985,1.46538,0
1156.40942,1.54979,0
1156.70081,1.52032,0
1156.26453,1.55339,0
1156.56921,1.89902,0
1156.37256,1.37829,0
1156.75537,1.73421,0
1156.65588,1.65239,0
1156.63391,1.77957,0
1156.44568,1.79062,0
1156.77466,1.71444,0
1156.62891,1.60186,0
1156.5415,1.78304,0
1156.58411,1.53201,0
1156.58911,1.52471,0
1156.87683,1.51033,0
1156.38525,1.39449,0
1156.71143,1.66461,0
1156.67651,1.61683,0
1156.79297,1.75396,0
1156.33838,1.51726,0
1156.2467,1.60806,0
1156.4342,1.57238,0
1156.84277,1.89049,0
1156.39795,1.438,0
1156.85547,1.629,0
1156.60266,1.69063,0
1156.85986,1.70599,0
1156.43994,1.82745,0
1156.50391,1.78727,0
1156.49756,1.79556,0
1156.89465,1.82014,0
1156.64392,1.64764,0
1156.776,1.54821,0
1156.65735,1.76319,0
1156.54089,1.57102,0
1156.34766,1.80177,0
1156.58557,1.58015,0
1156.41724,1.69325,0
1156.75403,1.58699,0
1156.4989,1.86679,0
1156.57715,1.7518,0
1156.63599,1.70381,0
1156.75183,1.56942,0
1156.71057,1.51355,0
1156.57642,1.43507,0
1156.67017,1.46162,0
1156.34265,1.4505,0
1156.63171,1.71871,0
1156.40515,1.53723,0
1156.82642,1.59851,0
1156.26526,1.70771,0
1156.50818,1.64654,0
1156.34399,1.69361,0
1156.41443,1.68939,0
1156.75464,1.58938,0
1156.42505,1.45929,0
1156.25452,1.48153,0
1156.50745,1.40775,0
1156.75403,1.74938,0
1156.59619,1.40189,0
1156.6283,1.76146,0
1156.44421,1.51029,0
1156.64099,1.77217,0
1156.76599,1.61383,0
1156.57715,1.57462,0
1156.4115,1.57276,0
1156.65527,1.4504,0
1156.70923,1.33632,0
1156.56995,1.81116,0
1156.82996,1.54136,0
1156.46704,1.69007,0
1156.80591,1.72956,0
1156.40015,1.58253,0
1156.72986,1.77055,0
1156.76331,1.74797,0
1156.25024,1.45165,0
1156.82922,1.61825,0
1156.84143,1.7043,0
1156.84204,1.77349,0
1156.87048,1.73031,0
1156.50391,1.78812,0
1156.43005,1.57274,0
1156.69849,1.46217,0
1156.35327,1.63897,0
1156.44641,1.58595,0
1156.75745,1.71381,0
1156.62183,1.58269,0
1156.59058,1.36672,0
1156.51172,1.65863,0
1156.58276,1.63199,0
1156.39233,1.43332,0
1156.47473,1.42852,0
1156.54517,1.60056,0
1156.2439,1.67078,0
1156.71777,1.5369,0
1156.74341,1.7435,0
1156.87341,1.83765,0
1156.68225,1.63125,0
1156.29504,1.41823,0
1156.771,1.76548,0
1156.82495,1.83038,0
1156.86206,1.72167,0
1156.30139,1.33307,0
1156.42578,1.69196,0
1156.41589,1.47106,0
1156.77734,1.60157,0
1156.51733,1.63395,0
1156.6936,1.59638,0
1156.67725,1.51304,0
1156.36755,1.61108,0
1156.39661,1.39896,0
1156.77527,1.62812,0
1156.64673,1.42501,0
1156.35474,1.64094,0
1156.45557,1.54824,0
1156.48767,1.58185,0
1156.77466,1.91233,0
1156.30005,1.65443,0
1156.51453,1.54055,0
1156.53516,1.67006,0
1156.63892,1.61434,0
1156.34192,1.62745,0
1156.89673,1.48007,0
1156.36255,1.67257,0
1156.58411,1.52463,0
1156.77307,1.59386,0
1156.75745,1.58532,0
1156.48474,1.68576,0
1156.60266,1.53827,0
1156.77527,1.82093,0
1156.34692,1.84745,0
1156.71204,1.49834,0
1156.48682,1.57548,0
1156.42651,1.62074,0
1156.69995,1.68063,0
1156.50244,1.4794,0
1156.67932,1.55377,0
1156.64099,1.63112,0
1156.64465,1.61805,0
1156.71277,1.53022,0
1156.56006,1.45605,0
1156.66797,1.62845,0
1156.82214,1.60257,0
1156.479,1.50287,0
1156.83081,1.61978,0
1156.31274,1.57131,0
1156.52307,1.55273,0
1156.52588,1.7644,0
1156.78528,1.73485,0
1156.70081,1.77975,0
1156.58203,1.68097,0
1156.72058,1.68234,0
1156.85413,1.50682,0
1156.66455,1.47255,0
1156.90393,1.71441,0
1156.29285,1.45056,0
1156.56714,1.86708,0
1156.59839,1.77078,0
1156.64307,1.51022,0
1156.75537,1.69817,0
1156.68933,1.65277,0
1156.45703,1.49816,0
1156.64734,1.61749,0
1156.56494,1.66894,0
1156.88611,1.74509,0
1156.58777,1.4461,0
1156.88611,1.6614,0
1156.77893,1.76564,0
1156.25525,1.79243,0
1156.86047,1.68034,0
1156.651,1.43295,0
1156.3291,1.7427,0
1156.51599,1.62046,0
1156.349,1.8229,0
1156.25732,1.60007,0
1156.62256,1.67321,0
1156.52454,1.6689,0
1156.31006,1.60244,0
1156.60339,1.68921,0
1156.88037,1.55168,0
1156.71851,1.61315,0
1156.42859,1.50361,0
1156.40796,1.39053,0
1156.81726,1.86807,0
1156.34045,1.808,0
1156.61902,1.5951,0
1156.25952,1.65086,0
1156.78455,1.68316,0
1156.49963,1.74188,0
1156.61768,1.6928,0
1156.77026,1.7643,0
1156.35046,1.65137,0
1156.52026,1.77843,0
1156.56494,1.63705,0
1156.42505,1.66545,0
1156.46338,1.69472,0
1156.6759,1.4814,0
1156.49255,1.82046,0
1156.5238,1.46189,0
1156.70422,1.57916,0
1156.86414,1.7457,0
1156.90247,1.68819,0
1156.65381,1.6168,0
1156.28149,1.59706,0
1156.62463,1.74158,0
1156.76331,1.59383,0
1156.56641,1.62012,0
1156.81653,1.70132,0
1156.71851,1.66743,0
1156.77466,1.74699,0
1156.80298,1.75406,0
1156.24756,1.62992,0
1156.63745,1.69822,0
1156.74182,1.62846,0
1156.43213,1.44789,0
1156.26318,1.67998,0
1156.58704,1.68177,0
1156.45142,1.635,0
1156.68933,1.66832,0
1156.651,1.62156,0
1156.73413,1.60698,0
1156.48401,1.68785,0
1156.43359,1.54486,0
1156.28149,1.58647,0
1156.2865,1.59287,0
1156.44141,1.64564,0
1156.3064,1.45069,0
1156.57922,1.52131,0
1156.85486,1.82062,0
1156.2489,1.68705,0
1156.27454,1.58103,0
1156.46545,1.62903,0
1156.49829,1.65976,0
1156.59412,1.41951,0
1156.82715,1.5715,0
1156.44922,1.78179,0
1156.48682,1.60393,0
1156.89807,1.67509,0
1156.68579,1.61257,0
1156.37671,1.35366,0
1156.59277,1.65953,0
1156.2688,1.60044,0
1156.48401,1.75016,0
1156.71643,1.75268,0
1156.901,1.72627,0
1156.77393,1.72476,0
1156.30359,1.60344,0
1156.55859,1.6186,0
1156.67798,1.62254,0
1156.86841,1.65387,0
1156.83557,1.68982,0
1156.47266,1.47813,0
1156.28516,1.53612,0
1156.26233,1.59279,0
1156.77393,1.72972,0
1156.61829,1.69741,0
1156.84705,1.61139,0
1156.3717,1.70842,0
1156.32349,1.75285,0
1156.86047,1.71702,0
1156.40454,1.48494,0
1156.49036,1.64101,0
1156.74402,1.72565,0
1156.3916,1.37912,0
1156.90039,1.67073,0
1156.8208,1.65573,0
1156.71643,1.71847,0
1156.29712,1.62,0
1156.90308,1.78152,0
1156.76746,1.70386,0
1156.56921,1.61341,0
1156.89038,1.68089,0
1156.33057,1.50411,0
1156.37463,1.76905,0
1156.85913,1.64076,0
1156.89893,1.58036,0
1156.82361,1.64339,0
1156.68286,1.4242,0
1156.86768,1.87612,0
1156.76392,1.74784,0
1156.57349,1.38871,0
1156.34692,1.64638,0
1156.25232,1.7494,0
1156.74609,1.74259,0
1156.55432,1.41234,0
1156.90601,1.79388,0
1156.51953,1.85728,0
1156.86475,1.66701,0
1156.63892,1.62669,0
1156.8186,1.63745,0
1156.57715,1.57246,0
1156.86902,1.7939,0
1156.73767,1.67417,0
1156.62744,1.63701,0
1156.56152,1.48524,0
1156.80017,1.62684,0
1156.62402,1.79205,0
1156.45068,1.62258,0
1156.39099,1.70804,0
1156.76807,1.72964,0
1156.71484,1.62844,0
1156.69495,1.70538,0
1156.72339,1.72451,0
1156.41357,1.38663,0
1156.42017,1.66047,0
1156.64172,1.50739,0
1156.73547,1.53753,0
1156.82715,1.73264,0
1156.47192,1.56492,0
1156.71985,1.7089,0
1156.65588,1.55294,0
1156.65735,1.56868,0
1156.70557,1.81125,0
1156.47839,1.59127,0
1156.89539,1.40821,0
1156.32983,1.76676,0
1156.54443,1.62522,0
1156.66943,1.66347,0
1156.53723,1.59787,0
1156.7887,1.80538,0
1156.31274,1.63274,0
1156.78601,1.67193,0
1156.54724,1.71615,0
1156.61475,1.7039,0
1156.65454,1.59375,0
1156.70081,1.45111,0
1156.5459,1.60644,0
1156.80652,1.60355,0
1156.64954,1.76899,0
1156.74609,1.68854,0
1156.39954,1.68093,0
1156.2738,1.52311,0
1156.82288,1.59198,0
1156.30005,1.82781,0
1156.40942,1.61085,0
1156.42432,1.46106,0
1156.48401,1.57118,0
1156.86768,1.91014,0
1156.50244,1.6182,0
1156.41296,1.69373,0
1156.38953,1.59136,0
1156.59705,1.69205,0
1156.79089,1.7415,0
1156.76465,1.79978,0
1156.33838,1.55671,0
1156.49609,1.71571,0
1156.80591,1.69134,0
1156.70923,1.51155,0
1156.38599,1.65676,0
1156.25879,1.623,0
1156.78528,1.56565,0
1156.39099,1.68381,0
1156.41797,1.62015,0
1156.59485,1.6743,0
1156.76245,1.61597,0
1156.35828,1.53123,0
1156.88965,1.5,0
1156.81018,1.64659,0
1156.65869,1.65448,0
1156.25391,1.59851,0
1156.61829,1.65561,0
1156.75464,1.81572,0
1156.32202,1.72401,0
1156.58057,1.61752,0
1156.35693,1.69298,0
1156.44141,1.80411,0
1156.70984,1.8029,0
1156.46765,1.62981,0
1156.40588,1.65945,0
1156.68652,1.68787,0
1156.76746,1.8003,0
1156.40942,1.57329,0
1156.27161,1.61631,0
1156.59839,1.65973,0
1156.29651,1.33132,0
1156.72839,1.80639,0
1156.48608,1.64895,0
1156.24817,1.51739,0
1156.3988,1.61589,0
1156.29224,1.58722,0
1156.45911,1.54694,0
1156.71143,1.68521,0
1156.62329,1.76102,0
1156.70142,1.75752,0
1156.61902,1.55291,0
1156.48193,1.68656,0
1156.84277,1.71844,0
1156.6908,1.70599,0
1156.51233,1.59681,0
1156.27515,1.55126,0
1156.41516,1.67872,0
1156.75183,1.75425,0
1156.65662,1.75423,0
1156.30359,1.5165,0
1156.79724,1.63878,0
1156.3916,1.6236,0
1156.70776,1.82241,0
1156.65234,1.54235,0
1156.479,1.64902,0
1156.8512,1.70498,0
1156.31641,1.6872,0
1156.79028,1.76315,0
1156.6062,1.68486,0
1156.63037,1.65239,0
1156.80298,1.90566,0
1156.75183,1.47484,0
1156.5011,1.68066,0
1156.61829,1.59227,0
1156.6709,1.72351,0
1156.25598,1.7644,0
1156.29504,1.32721,0
1156.4967,1.88365,0
1156.646,1.3682,0
1156.30713,1.73045,0
1156.31274,1.57574,0
1156.69214,1.52727,0
1156.89746,1.65659,0
1156.51392,1.69453,0
1156.36963,1.54971,0
1156.31213,1.56776,0
1156.24597,1.73489,0
1156.31641,1.75117,0
1156.68225,1.46762,0
1156.26318,1.81795,0
1156.61401,1.6139,0
1156.24597,1.58743,0
1156.80725,1.74626,0
1156.46631,1.57599,0
1156.76172,1.5757,0
1156.7561,1.59141,0
1156.39233,1.77727,0
1156.34619,1.69263,0
1156.66089,1.70004,0
1156.6012,1.57023,0
1156.7334,1.57075,0
1156.78308,1.6951,0
1156.88037,1.73327,0
1156.45276,1.60171,0
1156.83716,1.65096,0
1156.69495,1.80656,0
1156.44348,1.47598,0
1156.77954,1.86083,0
1156.28223,1.46983,0
1156.52161,1.76116,0
1156.30078,1.4069,0
1156.7135,1.67129,0
1156.84985,1.78878,0
1156.67859,1.60454,0
1156.8136,1.74132,0
1156.47546,1.61756,0
1156.29712,1.72179,0
1156.24316,1.67905,0
1156.68225,1.68504,0
1156.74902,1.75903,0
1156.45557,1.54976,0
1156.88831,1.56946,0
1156.64099,1.62098,0
1156.84644,1.75134,0
1156.40161,1.831,0
1156.69421,1.71387,0
1156.30579,1.40098,0
1156.50037,1.8089,0
1156.41223,1.58871,0
1156.31421,1.68867,0
1156.55286,1.77233,0
1156.46204,1.72777,0
1156.33203,1.56072,0
1156.64807,1.3226,0
1156.50537,1.62485,0
1156.25317,1.65591,0
1156.63464,1.75291,0
1156.5387,1.6335,0
1156.32568,1.76782,0
1156.51672,1.48161,0
1156.65808,1.64668,0
1156.82642,1.58002,0
1156.61401,1.73804,0
1156.44641,1.48125,0
1156.37598,1.67683,0
1156.51526,1.69863,0
1156.68994,1.59234,0
1156.7085,1.7854,0
1156.89392,1.79428,0
1156.69995,1.71398,0
1156.89331,1.64618,0
1156.84558,1.67931,0
1156.58643,1.4854,0
1156.34839,1.6352,0
1156.74609,1.85059,0
1156.79297,1.77222,0
1156.86047,1.71105,0
1156.27161,1.76049,0
1156.53296,1.62885,0
1156.59619,1.58646,0
1156.55933,1.65511,0
1156.63037,1.55295,0
1156.90308,1.66557,0
1156.46484,1.72745,0
1156.35193,1.67475,0
1156.35693,1.73006,0
1156.47839,1.72877,0
1156.38525,1.64242,0
1156.28223,1.86122,0
1156.83643,1.64921,0
1156.55432,1.69334,0
1156.68787,1.68639,0
1156.6637,1.62895,0
1156.71704,1.82561,0
1156.3739,1.70008,0
1156.84277,1.6391,0
1156.49829,1.65612,0
1156.40088,1.82744,0
1156.24536,1.65059,0
1156.8158,1.6735,0
1156.86902,1.68497,0
1156.81653,1.63838,0
1156.58777,1.6502,0
1156.40662,1.65379,0
1156.88184,1.68828,0
1156.651,1.66766,0
1156.31213,1.46568,0
1156.81226,1.72851,0
1156.51025,1.40445,0
1156.78369,1.42491,0
1156.62183,1.54498,0
1156.64954,1.70552,0
1156.43848,1.36761,0
1156.51733,1.73614,0
1156.47766,1.54774,0
1156.34399,1.45298,0
1156.80518,1.71439,0
1156.67224,1.7763,0
1156.3363,1.49519,0
1156.7583,1.61216,0
1156.65808,1.42101,0
1156.25391,1.79901,0
1156.61768,1.69159,0
1156.60339,1.58138,0
1156.90173,1.65949,0
1156.31714,1.64282,0
1156.4989,1.66953,0
1156.27881,1.63684,0
1156.54089,1.75274,0
1156.80933,1.67553,0
1156.63818,1.73756,0
1156.7262,1.76011,0
1156.89392,1.60657,0
1156.81995,1.61164,0
1156.69287,1.50264,0
1156.53589,1.73487,0
1156.59546,1.53516,0
1156.32703,1.78466,0
1156.69153,1.71057,0
1156.77734,1.6036,0
1156.80432,1.64314,0
1156.30212,1.67255,0
1156.77954,1.82882,0
1156.68152,1.43052,0
1156.34045,1.7476,0
1156.33545,1.79798,0
1156.57983,1.65166,0
1156.6908,1.65043,0
1156.6908,1.54884,0
1156.26794,1.45293,0
1156.59912,1.59032,0
1156.8833,1.68607,0
1156.74048,1.56478,0
1156.58911,1.56359,0
1156.30505,1.52993,0
1156.79517,1.78197,0
1156.83557,1.65957,0
1156.74182,1.73563,0
1156.84778,1.71672,0
1156.31641,1.58862,0
1156.4165,1.57563,0
1156.68994,1.72753,0
1156.48193,1.70649,0
1156.50745,1.6049,0
1156.28149,1.49234,0
1156.646,1.6664,0
1156.56213,1.70439,0
1156.81152,1.81948,0
1156.24463,1.67812,0
1156.33704,1.58199,0
1156.61682,1.66096,0
1156.46973,1.57691,0
1156.61975,1.72885,0
1156.33337,1.63934,0
1156.55933,1.68898,0
1156.43005,1.6222,0
1156.44714,1.74229,0
1156.51672,1.71364,0
1156.59839,1.71986,0
1156.63965,1.6177,0
1156.73767,1.69603,0
1156.84851,1.69259,0
1156.3042,1.71292,0
1156.51953,1.66586,0
1156.25171,1.65707,0
1156.74341,1.84539,0
1156.33838,1.73225,0
1156.26794,1.74424,0
1156.67151,1.53115,0
1156.79797,1.67676,0
1156.64233,1.58194,0
1156.50818,1.47494,0
1156.70923,1.6284,0
1156.77173,1.70998,0
1156.64807,1.33589,0
1156.48047,1.73465,0
1156.31641,1.58949,0
1156.89038,1.63257,0
1156.6886,1.3442,0
1156.89807,1.72672,0
1156.43579,1.6171,0
1156.64807,1.41052,0
1156.66663,1.68422,0
1156.521,1.54999,0
1156.25598,1.74746,0
1156.27722,1.61835,0
1156.35608,1.60746,0
1156.65808,1.61359,0
1156.41223,1.54763,0
1156.64233,1.66998,0
1156.27942,1.73918,0
1156.40161,1.64675,0
1156.28149,1.50734,0
1156.78027,1.73331,0
1156.54224,1.63581,0
1156.74268,1.56172,0
1156.59058,1.68214,0
1156.50464,1.73126,0
1156.87476,1.69966,0
1156.5387,1.62946,0
1156.74902,1.65248,0
1156.26794,1.76988,0
1156.50391,1.47746,0
1156.38318,1.60749,0
1156.7583,1.65462,0
1156.24756,1.77488,0
1156.87476,1.66555,0
1156.84558,1.52213,0
1156.57922,1.46118,0
1156.77307,1.57227,0
1156.78235,1.77616,0
1156.31848,1.71679,0
1156.34692,1.67605,0
1156.42432,1.61626,0
1156.89111,1.70628,0
1156.75244,1.41583,0
1156.4563,1.61279,0
1156.39526,1.48999,0
1156.62036,1.71586,0
1156.79297,1.7371,0
1156.53369,1.59084,0
1156.40161,1.73136,0
1156.59619,1.67523,0
1156.86682,1.59996,0
1156.8335,1.68818,0
1156.39795,1.60694,0
1156.48828,1.71289,0
1156.53162,1.47614,0
1156.30359,1.5682,0
1156.6261,1.72144,0
1156.27881,1.5586,0
1156.354,1.6441,0
1156.4585,1.77839,0
1156.78809,1.81927,0
1156.55579,1.55638,0
1156.64099,1.76047,0
1156.7561,1.82256,0
1156.85339,1.86833,0
1156.81653,1.63627,0
1156.76111,1.66573,0
1156.83215,1.69735,0
1156.35266,1.41638,0
1156.68433,1.71035,0
1156.27222,1.59698,0
1156.52795,1.62274,0
1156.68152,1.51614,0
1156.29651,1.67336,0
1156.82153,1.60965,0
1156.58557,1.63816,0
1156.66235,1.56468,0
1156.84143,1.80169,0
1156.6886,1.68073,0
1156.67859,1.73833,0
1156.24316,1.57659,0
1156.81653,1.59195,0
1156.32629,1.69081,0
1156.28516,1.71355,0
1156.65588,1.41958,0
1156.78601,1.51145,0
1156.86902,1.58648,0
1156.43005,1.6446,0
1156.44849,1.62392,0
1156.84424,1.64778,0
1156.56848,1.761,0
1156.88538,1.66198,0
1156.43005,1.60977,0
1156.46765,1.7596,0
1156.3938,1.62102,0
1156.75671,1.66961,0
1156.84424,1.75109,0
1156.71558,1.53964,0
1156.25171,1.56537,0
1156.42578,1.54764,0
1156.54297,1.67793,0
1156.63171,1.63012,0
1156.58142,1.60602,0
1156.60413,1.52453,0
1156.55505,1.46226,0
1156.83777,1.68092,0
1156.49255,1.6382,0
1156.44421,1.55815,0
1156.43213,1.64491,0
1156.84912,1.74412,0
1156.69214,1.66915,0
1156.60974,1.56037,0
1156.82642,1.74482,0
1156.36108,1.58241,0
1156.44214,1.71928,0
1156.27161,1.55312,0
1156.48193,1.69817,0
1156.52588,1.72005,0
1156.73413,1.56668,0
1156.62183,1.67315,0
1156.61768,1.88435,0
1156.34692,1.40722,0
1156.89172,1.78626,0
1156.52026,1.47408,0
1156.84644,1.91311,0
1156.85486,1.56071,0
1156.53943,1.65922,0
1156.7583,1.64551,0
1156.79724,1.91172,0
1156.44141,1.81385,0
1156.31348,1.70396,0
1156.64026,1.82428,0
1156.89392,1.47515,0
1156.79724,1.5341,0
1156.4989,1.61001,0
1156.37036,1.39144,0
1156.48535,1.60228,0
1156.40796,1.68934,0
1156.85205,1.8425,0
1156.43506,1.54093,0
1156.646,1.55773,0
1156.47766,1.61117,0
1156.27222,1.65421,0
1156.45557,1.77761,0
1156.58777,1.73146,0
1156.66162,1.6975,0
1156.34131,1.81062,0
1156.69922,1.57879,0
1156.40869,1.67495,0
1156.38733,1.78398,0
1156.85278,1.66007,0
1156.65527,1.61508,0
1156.48682,1.6905,0
1156.82153,1.66008,0
1156.34045,1.66209,0
1156.69788,1.49051,0
1156.89172,1.6433,0
1156.34766,1.8483,0
1156.38452,1.57414,0
1156.53455,1.64911,0
1156.42285,1.64569,0
1156.87268,1.82145,0
1156.70496,1.55344,0
1156.44421,1.53777,0
1156.3092,1.71353,0
1156.29919,1.52919,0
1156.43359,1.59016,0
1156.57422,1.60608,0
1156.5835,1.42609,0
1156.53455,1.71523,0
1156.87341,1.72942,0
1156.7583,1.68589,0
1156.71204,1.62335,0
1156.3988,1.57389,0
1156.84851,1.7501,0
1156.40869,1.75085,0
1156.61182,1.67196,0
1156.69214,1.36807,0
1156.61328,1.61718,0
1156.50745,1.52164,0
1156.87183,1.81321,0
1156.6687,1.39162,0
1156.71204,1.68729,0
1156.70142,1.75132,0
1156.58057,1.50615,0
1156.74609,1.5953,0
1156.83423,1.63626,0
1156.87268,1.76148,0
1156.65454,1.62114,0
1156.72986,1.65517,0
1156.35828,1.54516,0
1156.83716,1.72055,0
1156.4364,1.57718,0
1156.54224,1.67045,0
1156.73206,1.72086,0
1156.90527,1.62086,0
1156.56287,1.39747,0
1156.44849,1.53734,0
1156.67017,1.61482,0
1156.64673,1.66031,0
1156.89746,1.63802,0
1156.80933,1.70027,0
1156.37097,1.55094,0
1156.75745,1.79296,0
1156.4342,1.8055,0
1156.63672,1.64175,0
1156.76746,1.62803,0
1156.75964,1.64334,0
1156.8833,1.73808,0
1156.68225,1.71514,0
1156.33484,1.74077,0
1156.84277,1.67125,0
1156.76538,1.75552,0
1156.69214,1.61675,0
1156.84851,1.81105,0
1156.61768,1.61789,0
1156.84143,1.87733,0
1156.69995,1.72559,0
1156.73413,1.57053,0
1156.30579,1.62516,0
1156.63171,1.56043,0
1156.89807,1.33749,0
1156.84485,1.60512,0
1156.87183,1.84807,0
1156.70984,1.75985,0
1156.78735,1.72872,0
1156.67017,1.58635,0
1156.49036,1.61408,0
1156.57141,1.70407,0
1156.44568,1.72437,0
1156.70984,1.77013,0
1156.53723,1.68612,0
1156.2467,1.77462,0
1156.53943,1.61629,0
1156.47546,1.43841,0
1156.63745,1.69234,0
1156.78601,1.63521,0
1156.3092,1.48877,0
1156.78101,1.7316,0
1156.3092,1.67023,0
1156.64807,1.61163,0
1156.75964,1.46593,0
1156.74548,1.88043,0
1156.38171,1.82929,0
1156.79871,1.68818,0
1156.82996,1.59199,0
1156.74683,1.68607,0
1156.65161,1.67034,0
1156.89246,1.75359,0
1156.6261,1.75587,0
1156.81934,1.62865,0
1156.34839,1.62109,0
1156.51172,1.72617,0
1156.37817,1.75244,0
1156.25952,1.7544,0
1156.36108,1.37953,0
1156.44983,1.61208,0
1156.73047,1.76254,0
1156.42578,1.7609,0
1156.70984,1.49444,0
1156.5387,1.56995,0
1156.354,1.67147,0
1156.4364,1.53566,0
1156.82288,1.65101,0
1156.56287,1.73353,0
1156.3866,1.42837,0
1156.73474,1.65933,0
1156.4967,1.61334,0
1156.59912,1.79463,0
1156.84485,1.67228,0
1156.2688,1.6768,0
1156.57776,1.49689,0
1156.72705,1.55115,0
1156.51807,1.56746,0
1156.49402,1.66573,0
1156.81787,1.51154,0
1156.83923,1.59436,0
1156.6936,1.72605,0
1156.43848,1.66168,0
1156.32776,1.80239,0
1156.77026,1.57848,0
1156.60547,1.7397,0
1156.67932,1.77359,0
1156.29785,1.40534,0
1156.39587,1.66869,0
1156.67017,1.62704,0
1156.62402,1.54229,0
1156.76672,1.8046,0
1156.776,1.69738,0
1156.62537,1.65888,0
1156.4563,1.62191,0
1156.8584,1.79718,0
1156.56494,1.75274,0
1156.66089,1.70511,0
1156.53162,1.70755,0
1156.32983,1.65361,0
1156.38171,1.7697,0
1156.75745,1.81348,0
1156.6908,1.50184,0
1156.65662,1.5613,0
1156.89893,1.70862,0
1156.50537,1.57212,0
1156.73682,1.72638,0
1156.64893,1.45924,0
1156.32776,1.73931,0
1156.74768,1.66604,0
1156.90173,1.31821,0
1156.54651,1.78795,0
1156.86548,1.75759,0
1156.24963,1.65572,0
1156.2915,1.66026,0
1156.82861,1.71215,0
1156.63464,1.64152,0
1156.25598,1.80912,0
1156.68018,1.55024,0
1156.47339,1.75873,0
1156.27295,1.68389,0
1156.3916,1.57567,0
1156.65735,1.72313,0
1156.48047,1.75357,0
1156.47473,1.43084,0
1156.25024,1.51782,0
1156.30005,1.72214,0
1156.45703,1.4396,0
1156.6886,1.60296,0
1156.61682,1.90118,0
1156.29919,1.23263,0
1156.82214,1.60415,0
1156.43286,1.58271,0
1156.2688,1.50788,0
1156.28149,1.66994,0
1156.47839,1.64525,0
1156.55225,1.60148,0
1156.54797,1.71313,0
1156.5387,1.7388,0
1156.59546,1.57645,0
1156.81787,1.77154,0
1156.57849,1.5294,0
1156.89966,1.83958,0
1156.44568,1.6,0
1156.28516,1.41844,0
1156.83423,1.72078,0
1156.8584,1.56831,0
1156.51953,1.76734,0
1156.88831,1.68438,0
1156.29224,1.61603,0
1156.48267,1.74635,0
1156.53235,1.63018,0
1156.63892,1.63293,0
1156.55933,1.51644,0
1156.34399,1.64301,0
1156.68994,1.77395,0
1156.70422,1.41304,0
1156.89172,1.69718,0
1156.83289,1.70157,0
1156.62964,1.74256,0
1156.52588,1.74415,0
1156.89673,1.45196,0
1156.69214,1.48808,0
1156.38818,1.43473,0
1156.80225,1.81093,0
1156.70557,1.68405,0
1156.46838,1.64658,0
1156.2666,1.43055,0
1156.6283,1.54616,0
1156.37256,1.63508,0
1156.49609,1.67726,0
1156.36536,1.77943,0
1156.4762,1.82707,0
1156.3092,1.76555,0
1156.67932,1.67072,0
1156.33765,1.62083,0
1156.41296,1.74686,0
1156.77527,1.60459,0
1156.58911,1.71523,0
1156.34131,1.60895,0
1156.59546,1.58243,0
1156.33911,1.75844,0
1156.52454,1.66411,0
1156.52454,1.65014,0
1156.35193,1.55288,0
1156.29224,1.61311,0
1156.58484,1.65753,0
1156.72339,1.56207,0
1156.51172,1.48998,0
1156.35107,1.58626,0
1156.39795,1.70644,0
1156.29651,1.60798,0
1156.40796,1.55724,0
1156.88464,1.74203,0
1156.45984,1.51148,0
1156.31567,1.69609,0
1156.39307,1.76441,0
1156.38733,1.82393,0
1156.75964,1.46984,0
1156.651,1.65131,0
1156.56079,1.52643,0
1156.80859,1.67399,0
1156.51733,1.59511,0
1156.63037,1.59961,0
1156.28516,1.53169,0
1156.47546,1.76453,0
1156.76038,1.83039,0
1156.58411,1.55977,0
1156.89172,1.48243,0
1156.86047,1.78965,0
1156.74402,1.6315,0
1156.83215,1.74657,0
1156.30847,1.59331,0
1156.81653,1.60032,0
1156.25024,1.54965,0
1156.68079,1.70159,0
1156.25452,1.71601,0
1156.74182,1.78751,0
1156.38025,1.47213,0
1156.76392,1.71844,0
1156.66235,1.64246,0
1156.27661,1.63696,0
1156.86548,1.61496,0
1156.68433,1.6319,0
1156.57849,1.49398,0
1156.8009,1.65708,0
1156.39587,1.55917,0
1156.25098,1.56285,0
1156.69421,1.59941,0
1156.59058,1.53882,0
1156.48608,1.64251,0
1156.7511,1.59168,0
1156.42224,1.46804,0
1156.41223,1.65261,0
1156.52527,1.69921,0
1156.33057,1.58664,0
1156.46973,1.61315,0
1156.78601,1.61005,0
1156.80371,1.71179,0
1156.63599,1.68371,0
1156.76807,1.61068,0
1156.55652,1.65127,0
1156.67017,1.67677,0
1156.3363,1.56484,0
1156.42578,1.62738,0
1156.59619,1.69704,0
1156.84644,1.67488,0
1156.75464,1.64693,0
1156.58557,1.59286,0
1156.6709,1.74909,0
1156.31714,1.72734,0
1156.58411,1.64371,0
1156.78369,1.57627,0
1156.55652,1.52634,0
1156.85547,1.55312,0
1156.64233,1.68179,0
1156.901,1.60563,0
1156.36755,1.57954,0
1156.49963,1.6317,0
1156.27014,1.64667,0
1156.33972,1.46412,0
1156.53088,1.59046,0
1156.68225,1.71207,0
1156.55786,1.56743,0
1156.54858,1.73846,0
1156.83142,1.63934,0
1156.53369,1.7795,0
1156.73267,1.62968,0
1156.3291,1.73167,0
1156.88403,1.73903,0
1156.41089,1.68668,0
1156.25952,1.47023,0
1156.56152,1.59938,0
1156.6908,1.60573,0
1156.61682,1.65249,0
1156.56641,1.64368,0
1156.46631,1.50011,0
1156.73206,1.76223,0
1156.71777,1.56824,0
1156.50671,1.69097,0
1156.68286,1.67225,0
1156.44983,1.81346,0
1156.66724,1.83652,0
1156.75745,1.75822,0
1156.26025,1.69089,0
1156.43579,1.74924,0
1156.58484,1.35781,0
1156.3042,1.26303,0
1156.57141,1.51798,0
1156.65808,1.76348,0
1156.24536,1.83897,0
1156.35828,1.5757,0
1156.3739,1.66861,0
1156.59412,1.56197,0
1156.55359,1.5172,0
1156.63245,1.7381,0
1156.8208,1.74753,0
1156.4342,1.56324,0
1156.86975,1.64384,0
1156.51892,1.74222,0
1156.45142,1.6654,0
1156.76331,1.6801,0
1156.89807,1.7355,0
1156.51172,1.74516,0
1156.89392,1.53746,0
1156.43079,1.49179,0
1156.62964,1.83378,0
1156.60205,1.73101,0
1156.55786,1.41549,0
1156.37329,1.72344,0
1156.51172,1.64105,0
1156.25732,1.69785,0
1156.28857,1.69433,0
1156.33545,1.76114,0
1156.5835,1.44107,0
1156.48535,1.56373,0
1156.69495,1.68383,0
1156.60767,1.60679,0
1156.29919,1.70965,0
1156.70496,1.79079,0
1156.65027,1.66414,0
1156.45776,1.67446,0
1156.82922,1.67515,0
1156.83984,1.58384,0
1156.7334,1.74489,0
1156.43921,1.75541,0
1156.76038,1.85103,0
1156.3092,1.28695,0
1156.46204,1.71352,0
1156.41858,1.70843,0
1156.7334,1.81403,0
1156.38452,1.51795,0
1156.2489,1.74959,0
1156.83142,1.59486,0
1156.38452,1.54183,0
1156.70081,1.73632,0
1156.41943,1.47117,0
1156.60046,1.70312,0
1156.74548,1.61907,0
1156.89807,1.67381,0
1156.66162,1.59292,0
1156.47046,1.65946,0
1156.60693,1.62166,0
1156.65735,1.66735,0
1156.24597,1.671,0
1156.59912,1.81501,0
1156.56006,1.62741,0
1156.79297,1.60771,0
1156.62744,1.71041,0
1156.87903,1.64247,0
1156.3938,1.636,0
1156.47693,1.46688,0
1156.54858,1.53395,0
1156.37671,1.54286,0
1156.79456,1.64303,0
1156.53723,1.52346,0
1156.68079,1.53549,0
1156.24963,1.70435,0
1156.49463,1.75236,0
1156.3064,1.62614,0
1156.33411,1.7166,0
1156.43213,1.71483,0
1156.78308,1.70466,0
1156.44922,1.79897,0
1156.57068,1.70956,0
1156.31775,1.7353,0
1156.37036,1.62821,0
1156.3291,1.66093,0
1156.62891,1.69542,0
1156.6261,1.76394,0
1156.55713,0.11186,1
1156.55505,0.18998,1
1156.55652,0.04048,1
1156.55713,0.27619,1
1156.55286,0.14669,1
1156.55713,0.16983,1
1156.71558,0.40097,2
1156.61182,0.60829,2
1156.57642,0.60301,2
1156.90308,0.76976,2
1156.71143,0.65268,2
1156.81079,0.57645,2
1156.82153,0.74976,2
1156.56287,0.51761,2
1156.68933,0.53975,2
1156.69214,0.23943,2
1156.76807,0.70198,2
1156.59766,0.78013,2
1156.7561,0.72022,2
1156.80652,0.58479,2
1156.81287,0.64815,2
1156.5658,0.08578,2
1156.78662,0.7662,2
1156.70776,0.39876,2
1156.89172,0.69569,2
1156.62183,0.43351,2
1156.7384,0.5897,2
1156.74829,0.38486,2
1156.82788,0.59368,2
1156.58984,0.58041,2
1156.82214,0.50136,2
1156.67297,0.48694,2
1156.59412,0.72348,2
1156.80652,0.5039,2
1156.66663,0.44118,2
1156.79163,0.51993,2
1156.61975,0.6269,2
1156.65381,0.41791,2
1156.87402,0.80822,2
1156.63464,0.55845,2
1156.86206,0.72805,2
1156.82581,0.37756,2
1156.71143,0.47897,2
1156.76172,0.62289,2
1156.68994,0.47565,2
1156.89893,0.64232,2
1156.7887,0.56304,2
1156.58704,0.45734,2
1156.82996,0.50826,2
1156.62183,0.33925,2
1156.74182,0.59501,2
1156.81653,0.44628,2
1156.87769,0.74744,2
1156.82581,0.61011,2
1156.79797,0.76445,2
1156.76245,0.30157,2
1156.8385,0.65683,2
1156.86414,0.53928,2
1156.65955,0.60191,2
1156.74548,0.21055,2
1156.69922,0.39712,2
1156.60413,0.41014,2
1156.8158,0.43635,2
1156.74609,0.4968,2
1156.8811,0.71764,2
1156.64526,0.54792,2
1156.64526,0.73885,2
1156.57715,0.66443,2
1156.71484,0.57845,2
1156.56921,0.24229,2
1156.83215,0.6027,2
1156.66455,0.42541,2
1156.57422,0.45274,2
1156.66089,0.50134,2
1156.90173,0.57515,2
1156.68652,0.52141,2
1156.83923,0.62856,2
1156.71777,0.53184,2
1156.64526,0.63534,2
1156.73901,0.7619,2
1156.8634,0.76941,2
1156.70142,0.63752,2
1156.59204,0.44858,2
1156.78528,0.59582,2
1156.60974,0.51632,2
1156.76746,0.42922,2
1156.72913,0.4115,2
1156.82153,0.44971,2
1156.73901,0.4075,2
1156.87769,0.48223,2
1156.78027,0.23171,2
1156.63745,0.77294,2
1156.7887,0.52644,2
1156.57568,0.45585,2
1156.68994,0.65951,2
1156.67151,0.45857,2
1156.65869,0.57123,2
1156.83984,0.75961,2
1156.7085,0.62474,2
1156.81433,0.28841,2
1156.88684,0.72755,2
1156.76245,0.56975,2
1156.78101,0.53719,2
1156.79932,0.44199,2
1156.65735,0.56241,2
1156.75037,0.78651,2
1156.59204,0.55144,2
1156.82581,0.57508,2
1156.68579,0.47903,2
1156.76245,0.51454,2
1156.67517,0.54547,2
1156.56287,0.3599,2
1156.74768,0.39804,2
1156.65454,0.48653,2
1156.77307,0.60277,2
1156.89966,0.73383,2
1156.63599,0.7204,2
1156.69214,0.50996,2
1156.69287,0.53654,2
1156.67725,0.50662,2
1156.58984,0.43711,2
1156.74976,0.45317,2
1156.81653,0.62812,2
1156.77808,0.72829,2
1156.89331,0.55138,2
1156.81934,0.67169,2
1156.6908,0.55796,2
1156.60046,0.73173,2
1156.74976,0.5031,2
1156.80432,0.55656,2
1156.68726,0.5902,2
1156.77734,0.49814,2
1156.67859,0.43353,2
1156.64734,0.61743,2
1156.88538,0.81125,2
1156.80859,0.61736,2
1156.68579,0.24742,2
1156.5885,0.72078,2
1156.59131,0.69298,2
1156.81653,0.46989,2
1156.66296,0.48008,2
1156.70142,0.6251,2
1156.76038,0.58231,2
1156.80371,0.59829,2
1156.78027,0.46066,2
1156.68079,0.33658,2
1156.65308,0.48138,2
1156.80725,0.62561,2
1156.77466,0.44929,2
1156.60547,0.5545,2
1156.77026,0.53069,2
1156.84912,0.82052,2
1156.57349,0.55486,2
1156.88245,0.57296,2
1156.80017,0.45447,2
1156.82715,0.5585,2
1156.75244,0.51792,2
1156.59412,0.36005,2
1156.82422,0.56291,2
1156.56848,0.16624,2
1156.86548,0.81631,2
1156.82861,0.32649,2
1156.69214,0.52263,2
1156.75745,0.54001,2
1156.72412,0.63516,2
1156.79663,0.43968,2
1156.58984,0.66641,2
1156.71851,0.70353,2
1156.67517,0.64493,2
1156.57715,0.2489,2
1156.83081,0.67841,2
1156.76892,0.68881,2
1156.66089,0.4687,2
1156.83215,0.36024,2
1156.90466,0.78635,2
1156.80298,0.43386,2
1156.87903,0.57254,2
1156.77173,0.59502,2
1156.78235,0.70021,2
1156.85059,0.69994,2
1156.58557,0.39526,2
1156.7085,0.36299,2
1156.79871,0.43516,2
1156.65308,0.62347,2
1156.66797,0.67672,2
1156.87769,0.65574,2
1156.58276,0.66377,2
1156.58057,0.77214,2
1156.68225,0.63117,2
1156.64233,0.51172,2
1156.76538,0.46365,2
1156.71057,0.34695,2
1156.73474,0.38549,2
1156.62891,0.51528,2
1156.64807,0.64545,2
1156.82495,0.53127,2
1156.84277,0.76616,2
1156.69714,0.57355,2
1156.69922,0.35547,2
1156.63892,0.51987,2
1156.81787,0.41972,2
1156.6709,0.45946,2
1156.59338,0.53173,2
1156.63818,0.61014,2
1156.62402,0.52404,2
1156.60693,0.60729,2
1156.73975,0.35252,2
1156.63391,0.4754,2
1156.64465,0.55358,2
1156.57141,0.11953,2
1156.61609,0.41934,2
1156.89673,0.61079,2
1156.84277,0.51009,2
1156.646,0.52097,2
1156.70215,0.62781,2
1156.71777,0.58201,2
1156.59973,0.4184,2
1156.65808,0.38,2
1156.68225,0.54949,2
1156.65869,0.6749,2
1156.58203,0.37629,2
1156.6311,0.43645,2
1156.67798,0.50063,2
1156.78101,0.32745,2
1156.67798,0.53746,2
1156.79456,0.61249,2
1156.88184,0.69719,2
1156.75403,0.32195,2
1156.73047,0.76768,2
1156.67932,0.57743,2
1156.84351,0.96216,2
1156.90466,0.48597,2
1156.88403,0.65895,2
1156.67517,0.52145,2
1156.76892,0.51647,2
1156.55713,0.41374,2
1156.83557,0.61424,2
1156.87183,0.62738,2
1156.8136,0.37936,2
1156.7533,0.54202,2
1156.8136,0.55257,2
1156.84912,0.72819,2
1156.87183,0.81165,2
1156.71643,0.46604,2
1156.88184,0.56166,2
1156.61328,0.57601,2
1156.84558,0.73098,2
1156.81433,0.59511,2
1156.70422,0.60327,2
1156.68787,0.56988,2
1156.71851,0.42223,2
1156.57141,0.46965,2
1156.87122,0.66654,2
1156.8833,0.79532,2
1156.78308,0.41948,2
1156.85059,0.75755,2
1156.76465,0.61164,2
1156.80933,0.53516,2
1156.85278,0.80493,2
1156.66516,0.4462,2
1156.81726,0.51182,2
1156.76892,0.53104,2
1156.71204,0.64808,2
1156.61682,0.7639,2
1156.59973,0.45897,2
1156.8335,0.91184,2
1156.64893,0.52942,2
1156.74768,0.56829,2
1156.77673,0.14798,2
1156.75745,0.71029,2
1156.80933,0.44582,2
1156.63391,0.47602,2
1156.82495,0.33877,2
1156.82788,0.70169,2
1156.66162,0.55197,2
1156.66235,0.47002,2
1156.83081,0.29678,2
1156.78955,0.63483,2
1156.56921,0.56086,2
1156.78455,0.29024,2
1156.68018,0.56749,2
1156.72412,0.62697,2
1156.64307,0.46208,2
1156.75037,0.76685,2
1156.79932,0.39907,2
1156.87683,0.88968,2
1156.87976,0.66157,2
1156.79028,0.42853,2
1156.81287,0.61088,2
1156.85413,0.75993,2
1156.71204,0.52089,2
1156.65869,0.3891,2
1156.59546,0.37458,2
1156.72913,0.62085,2
1156.67432,0.62021,2
1156.65234,0.48743,2
1156.82788,0.51043,2
1156.85706,0.78332,2
1156.82361,0.3093,2
1156.85205,0.80453,2
1156.85779,0.88668,2
1156.79797,0.40487,2
1156.68579,0.52975,2
1156.83496,0.69805,2
1156.73621,0.432,2
1156.7312,0.55748,2
1156.76538,0.27053,2
1156.81226,0.54396,2
1156.7887,0.53392,2
1156.83643,0.7886,2
1156.80725,0.52329,2
1156.62671,0.6797,2
1156.79028,0.59645,2
1156.86267,0.75104,2
1156.68787,0.55603,2
1156.7887,0.60079,2
1156.6759,0.57395,2
1156.64465,0.42287,2
1156.66724,0.48465,2
1156.67297,0.53129,2
1156.74341,0.53115,2
1156.83496,0.56497,2
1156.87048,0.74807,2
1156.61328,0.56472,2
1156.8385,0.85102,2
1156.78809,0.53672,2
1156.64392,0.55335,2
1156.62964,0.76564,2
1156.73047,0.4319,2
1156.80518,0.62234,2
1156.81726,0.44634,2
1156.79517,0.54455,2
1156.7533,0.33034,2
1156.86841,0.57226,2
1156.70642,0.4462,2
1156.77246,0.48658,2
1156.85486,0.68401,2
1156.7384,0.59438,2
1156.84558,0.99096,2
1156.68652,0.25798,2
1156.68286,0.49182,2
1156.77026,0.46349,2
1156.65454,0.55497,2
1156.67517,0.63714,2
1156.84851,0.90105,2
1156.82861,0.51334,2
1156.70081,0.45936,2
1156.80017,0.48897,2
1156.80725,0.4502,2
1156.73621,0.68771,2
1156.67932,0.40602,2
1156.61401,0.74934,2
1156.71204,0.54743,2
1156.6062,0.5412,2
1156.8186,0.51052,2
1156.65381,0.43645,2
1156.89465,0.57953,2
1156.90039,0.63851,2
1156.75403,0.59195,2
1156.8186,0.70146,2
1156.72339,0.59172,2
1156.74048,0.49214,2
1156.76038,0.52886,2
1156.87341,0.78911,2
1156.90466,0.69522,2
1156.81152,0.47275,2
1156.72339,0.50451,2
1156.66663,0.65405,2
1156.65869,0.57205,2
1156.79871,0.53605,2
1156.64526,0.57524,2
1156.87048,0.5245,2
1156.57141,0.41906,2
1156.71777,0.50782,2
1156.8009,0.46643,2
1156.79028,0.73302,2
1156.67371,0.56686,2
1156.61475,0.46943,2
1156.7085,0.57292,2
1156.79236,0.42766,2
1156.56714,0.12089,2
1156.72546,0.64086,2
1156.72913,0.49077,2
1156.82422,0.62776,2
1156.76392,0.55251,2
1156.83081,0.6869,2
1156.74475,0.55164,2
1156.60901,0.67965,2
1156.89807,0.78527,2
1156.70715,0.67933,2
1156.72485,0.55291,2
1156.59058,0.76546,2
1156.82642,0.50337,2
1156.79932,0.57699,2
1156.86682,0.89406,2
1156.59973,0.43685,2
1156.74048,0.37711,2
1156.71704,0.59371,2
1156.83423,0.77175,2
1156.73474,0.45507,2
1156.73975,0.49491,2
1156.68359,0.48977,2
1156.71912,0.54471,2
1156.69495,0.45211,2
1156.79517,0.65002,2
1156.7085,0.49999,2
1156.61682,0.60524,2
1156.85913,0.60611,2
1156.59058,0.6612,2
1156.776,0.39127,2
1156.61829,0.74235,2
1156.75464,0.72597,2
1156.64807,0.57334,2
1156.76172,0.48031,2
1156.79871,0.46287,2
1156.87122,0.53861,2
1156.83496,0.79543,2
1156.82715,0.73926,2
1156.80591,0.44303,2
1156.70288,0.59175,2
1156.63965,0.67021,2
1156.83289,0.44297,2
1156.74768,0.67083,2
1156.80432,0.61824,2
1156.58057,0.56819,2
1156.63599,0.60097,2
1156.73767,0.62838,2
1156.59619,0.46335,2
1156.59973,0.67634,2
1156.88403,0.63941,2
1156.69995,0.4224,2
1156.77173,0.65958,2
1156.61768,0.34992,2
1156.83923,0.87538,2
1156.57642,0.63054,2
1156.81934,0.5218,2
1156.64172,0.56852,2
1156.60547,0.50209,2
1156.63538,0.56272,2
1156.82288,0.50946,2
1156.82861,0.51865,2
1156.60266,0.78573,2
1156.76172,0.45564,2
1156.7135,0.54637,2
1156.84204,0.9926,2
1156.90308,0.69132,2
1156.6012,0.45067,2
1156.80933,0.45496,2
1156.61609,0.55102,2
1156.67371,0.56145,2
1156.77466,0.22293,2
1156.78101,0.77878,2
1156.63965,0.5188,2
1156.82715,0.3955,2
1156.78369,0.4614,2
1156.89673,0.6306,2
1156.67798,0.53883,2
1156.8634,0.70906,2
1156.67798,0.42915,2
1156.89331,0.70953,2
1156.79517,0.611,2
1156.65662,0.59016,2
1156.79297,0.57607,2
1156.7561,0.58038,2
1156.80164,0.54021,2
1156.74341,0.43155,2
1156.7334,0.29179,2
1156.7959,0.3703,2
1156.60547,0.6175,2
1156.68506,0.54349,2
1156.59338,0.37893,2
1156.61548,0.52427,2
1156.83716,0.8161,2
1156.82642,0.29436,2
1156.6084,0.57784,2
1156.74683,0.54644,2
1156.85413,0.81898,2
1156.62463,0.70092,2
1156.7959,0.2837,2
1156.69421,0.53443,2
1156.8811,0.77143,2
1156.67151,0.61501,2
1156.8009,0.30669,2
1156.68079,0.57053,2
1156.71057,0.56344,2
1156.83496,0.62643,2
1156.76038,0.558,2
1156.80164,0.37282,2
1156.68225,0.58323,2
1156.73413,0.72004,2
1156.6012,0.44814,2
1156.75037,0.24066,2
1156.67017,0.69229,2
1156.73767,0.58483,2
1156.78027,0.60927,2
1156.63171,0.4487,2
1156.73047,0.52663,2
1156.83777,0.81277,2
1156.84778,0.78885,2
1156.7511,0.23296,2
1156.75671,0.54277,2
1156.70776,0.64922,2
1156.67859,0.55037,2
1156.83496,0.74838,2
1156.68994,0.37618,2
1156.70776,0.56006,2
1156.74268,0.45012,2
1156.8136,0.49915,2
1156.62329,0.6397,2
1156.8186,0.60448,2
1156.84277,0.7358,2
1156.63818,0.41965,2
1156.72839,0.56201,2
1156.71777,0.59207,2
1156.62964,0.54912,2
1156.70215,0.40352,2
1156.65234,0.44227,2
1156.75464,0.7535,2
1156.76538,0.35124,2
1156.71277,0.37351,2
1156.61328,0.63004,2
1156.89746,0.5116,2
1156.67798,0.55055,2
1156.88245,0.60521,2
1156.62463,0.6066,2
1156.86768,0.64725,2
1156.6759,0.47984,2
1156.64673,0.53483,2
1156.80371,0.44155,2
1156.74475,0.45313,2
1156.70422,0.47428,2
1156.67725,0.4687,2
1156.65588,0.5874,2
1156.6936,0.28859,2
1156.67517,0.62491,2
1156.63245,0.58562,2
1156.82214,0.59455,2
1156.6261,0.50149,2
1156.57983,0.66407,2
1156.63599,0.56509,2
1156.88464,0.81123,2
1156.77307,0.64292,2
1156.70081,0.67382,2
1156.77808,0.33069,2
1156.70715,0.51542,2
1156.84204,0.85916,2
1156.85706,0.87823,2
1156.66724,0.53723,2
1156.77954,0.50093,2
1156.6062,0.79622,2
1156.86975,0.75108,2
1156.61267,0.652,2
1156.79663,0.44742,2
1156.78955,0.85594,2
1156.77026,0.64669,2
1156.80298,0.2977,2
1156.57715,0.39266,2
1156.70776,0.47405,2
1156.65955,0.69124,2
1156.6261,0.24365,2
1156.64026,0.44939,2
1156.82495,0.52896,2
1156.60413,0.47927,2
1156.7561,0.81788,2
1156.82361,0.57281,2
1156.77393,0.64883,2
1156.56714,0.1897,2
1156.90308,0.54571,2
1156.81653,0.50433,2
1156.61768,0.57398,2
1156.86975,0.89733,2
1156.82996,0.64608,2
1156.73547,0.65702,2
1156.83081,0.68402,2
1156.70081,0.64822,2
1156.59412,0.70659,2
1156.70557,0.53755,2
1156.62329,0.61369,2
1156.83142,0.72192,2
1156.59546,0.52649,2
1156.61902,0.57143,2
1156.65027,0.5884,2
1156.82642,0.6468,2
1156.89172,0.57866,2
1156.59912,0.56328,2
1156.6637,0.54789,2
1156.67517,0.44671,2
1156.7959,0.40105,2
1156.85986,0.65217,2
1156.66943,0.46172,2
1156.84644,0.81421,2
1156.66516,0.56073,2
1156.76807,0.62094,2
1156.80298,0.48179,2
1156.58411,0.54417,2
1156.68152,0.3501,2
1156.7937,0.44979,2
1156.82495,0.44073,2
1156.60693,0.41454,2
1156.61829,0.69065,2
1156.79163,0.73479,2
1156.64807,0.57783,2
1156.84851,0.55087,2
1156.63599,0.38951,2
1156.60046,0.70371,2
1156.83289,0.56887,2
1156.8811,0.76884,2
1156.71484,0.45515,2
1156.6687,0.61306,2
1156.57849,0.67978,2
1156.82581,0.29463,2
1156.64465,0.49882,2
1156.57288,0.57893,2
1156.63464,0.77448,2
1156.75537,0.76859,2
1156.62964,0.56666,2
1156.82861,0.47581,2
1156.59485,0.63697,2
1156.6012,0.6035,2
1156.84277,0.85701,2
1156.7561,0.79965,2
1156.90601,0.81247,2
1156.67725,0.50124,2
1156.72766,0.68153,2
1156.78235,0.47524,2
1156.77808,0.55974,2
1156.80859,0.49716,2
1156.63538,0.71,2
1156.63245,0.48162,2
1156.73267,0.40666,2
1156.83142,0.63394,2
1156.73206,0.62235,2
1156.74475,0.45499,2
1156.58203,0.79548,2
1156.86548,0.61046,2
1156.79797,0.56037,2
1156.63391,0.63897,2
1156.88684,0.46374,2
1156.63818,0.38981,2
1156.83923,0.62919,2
1156.58142,0.68302,2
1156.7135,0.33854,2
1156.67297,0.67334,2
1156.74768,0.45331,2
1156.83716,0.91926,2
1156.89331,0.57792,2
1156.73206,0.32391,2
1156.79932,0.70909,2
1156.63672,0.37394,2
1156.8208,0.55788,2
1156.71704,0.65632,2
1156.66089,0.43268,2
1156.83716,0.6974,2
1156.88464,0.93022,2
1156.82788,0.57512,2
1156.61182,0.71078,2
1156.76672,0.4592,2
1156.61401,0.50661,2
1156.87268,0.70075,2
1156.6333,0.44281,2
1156.8186,0.51598,2
1156.65161,0.57813,2
1156.72485,0.73188,2
1156.896,0.61246,2
1156.79456,0.56673,2
1156.89539,0.74886,2
1156.74475,0.64408,2
1156.81433,0.57692,2
1156.59546,0.72629,2
1156.73413,0.52857,2
1156.66724,0.38179,2
1156.57568,0.43406,2
1156.6936,0.50668,2
1156.83557,0.6087,2
1156.61328,0.54686,2
1156.83984,0.71604,2
1156.66296,0.59771,2
1156.776,0.68564,2
1156.66516,0.61864,2
1156.81152,0.53695,2
1156.82788,0.38239,2
1156.61768,0.71957,2
1156.65588,0.68828,2
1156.84058,0.70227,2
1156.80798,0.60212,2
1156.89746,0.44791,2
1156.82581,0.56435,2
1156.74048,0.74062,2
1156.8385,0.66971,2
1156.63672,0.59759,2
1156.8634,0.70041,2
1156.61182,0.5429,2
1156.7583,0.54409,2
1156.70422,0.60996,2
1156.7583,0.62148,2
1156.73767,0.51419,2
1156.62036,0.67545,2
1156.85913,0.63676,2
1156.72339,0.43422,2
1156.59766,0.67099,2
1156.75464,0.49482,2
1156.70984,0.36359,2
1156.6311,0.58411,2
1156.85486,0.6835,2
1156.74182,0.55728,2
1156.67151,0.45631,2
1156.64172,0.58473,2
1156.64465,0.52631,2
1156.86621,0.63957,2
1156.85913,0.68739,2
1156.90393,0.78188,2
1156.57495,0.41915,2
1156.70288,0.40639,2
1156.84912,0.47764,2
1156.8783,0.84566,2
1156.62744,0.38435,2
1156.66589,0.52928,2
1156.6886,0.66627,2
1156.78455,0.30695,2
1156.66296,0.66768,2
1156.6759,0.58013,2
1156.83984,0.78256,2
1156.82214,0.62841,2
1156.87683,0.58955,2
1156.82788,0.52804,2
1156.69214,0.47846,2
1156.87549,0.54556,2
1156.90466,0.69239,2
1156.58557,0.64349,2
1156.67297,0.56724,2
1156.87903,0.57477,2
1156.90247,0.74978,2
1156.73413,0.67192,2
1156.60901,0.55937,2
1156.77527,0.48099,2
1156.83777,0.67723,2
1156.61047,0.53789,2
1156.77954,0.61059,2
1156.69849,0.58202,2
1156.61047,0.58415,2
1156.86682,0.56824,2
1156.62537,0.61419,2
1156.78528,0.2925,2
1156.83423,0.59089,2
1156.60547,0.66725,2
1156.85339,0.7079,2
1156.90393,0.74059,2
1156.63171,0.53517,2
1156.776,0.81144,2
1156.66589,0.66696,2
1156.74182,0.57297,2
1156.89111,0.64187,2
1156.69788,0.56087,2
1156.7334,0.51921,2
1156.85486,0.70289,2
1156.86975,0.72344,2
1156.89038,0.90663,2
1156.7937,0.46543,2
1156.83716,0.52042,2
1156.71851,0.54666,2
1156.83142,0.34097,2
1156.58276,0.42132,2
1156.57922,0.5684,2
1156.78735,0.5615,2
1156.76392,0.40283,2
1156.79028,0.67243,2
1156.85986,0.6112,2
1156.84351,0.69368,2
1156.76392,0.48211,2
1156.79163,0.54044,2
1156.70496,0.29459,2
1156.88245,0.7523,2
1156.67517,0.68539,2
1156.63818,0.48927,2
1156.61829,0.52409,2
1156.69287,0.36307,2
1156.69922,0.49397,2
1156.6908,0.50442,2
1156.70776,0.6793,2
1156.65234,0.59688,2
1156.83289,0.83287,2
1156.65027,0.55424,2
1156.84204,0.83276,2
1156.8208,0.474,2
1156.69214,0.3985,2
1156.61108,0.63481,2
1156.74683,0.65734,2
1156.82214,0.53431,2
1156.68506,0.58799,2
1156.68652,0.53894,2
1156.71143,0.5491,2
1156.72339,0.36448,2
1156.75745,0.5396,2
1156.57642,0.6889,2
1156.70081,0.58413,2
1156.61975,0.70272,2
1156.82288,0.60445,2
1156.82361,0.59255,2
1156.65027,0.47238,2
1156.77466,0.53414,2
1156.79163,0.57675,2
1156.81433,0.61093,2
1156.82642,0.49436,2
1156.65308,0.72009,2
1156.70776,0.55389,2
1156.58643,0.73794,2
1156.83423,0.88013,2
1156.75537,0.61036,2
1156.67725,0.60766,2
1156.74341,0.78756,2
1156.80164,0.57591,2
1156.70715,0.4053,2
1156.70923,0.51452,2
1156.89172,0.90866,2
1156.85986,0.85713,2
1156.59277,0.50201,2
1156.64099,0.47399,2
1156.90247,0.64594,2
1156.66943,0.31377,2
1156.6261,0.47759,2
1156.65381,0.4246,2
1156.70422,0.54186,2
1156.82288,0.77713,2
1156.57141,0.37704,2
1156.7312,0.6046,2
1156.69788,0.65562,2
1156.75671,0.78151,2
1156.68994,0.45287,2
1156.79028,0.442,2
1156.71643,0.63066,2
1156.7533,0.44937,2
1156.80652,0.75205,2
1156.78735,0.58494,2
1156.85913,0.65572,2
1156.57141,0.22626,2
1156.62463,0.64728,2
1156.61267,0.55107,2
1156.74902,0.34961,2
1156.7583,0.61185,2
1156.65527,0.56044,2
1156.74548,0.47665,2
1156.79456,0.59242,2
1156.82495,0.47863,2
1156.59705,0.27689,2
1156.67297,0.38797,2
1156.69849,0.53551,2
1156.80518,0.54536,2
1156.7959,0.61568,2
1156.88184,0.57344,2
1156.59412,0.67386,2
1156.71484,0.77516,2
1156.83984,0.6657,2
1156.79517,0.44796,2
1156.82715,0.55806,2
1156.7937,0.18981,2
1156.71643,0.56011,2
1156.80652,0.49326,2
1156.62036,0.40942,2
1156.79797,0.62264,2
1156.78162,0.61806,2
1156.81519,0.53866,2
1156.82422,0.31918,2
1156.75403,0.79293,2
1156.77393,0.63672,2
1156.84558,0.56346,2
1156.68152,0.42019,2
1156.82642,0.4795,2
1156.70715,0.51505,2
1156.771,0.60413,2
1156.61548,0.52067,2
1156.79456,0.51389,2
1156.70496,0.50763,2
1156.8136,0.64413,2
1156.62329,0.65938,2
1156.85779,0.66096,2
1156.74268,0.3924,2
1156.70715,0.54118,2
1156.74548,0.55612,2
1156.68787,0.28738,2
1156.57715,0.53534,2
1156.62183,0.55296,2
1156.77307,0.70267,2
1156.69788,0.56148,2
1156.90601,0.57763,2
1156.79797,0.75702,2
1156.57776,0.63475,2
1156.62329,0.64072,2
1156.57349,0.61657,2
1156.60693,0.52376,2
1156.89172,0.56873,2
1156.71411,0.26478,2
1156.79932,0.59762,2
1156.66516,0.5839,2
1156.77527,0.57731,2
1156.8833,0.54247,2
1156.66724,0.41086,2
1156.80591,0.64531,2
1156.64734,0.74259,2
1156.67932,0.3418,2
1156.83215,0.6945,2
1156.6886,0.46795,2
1156.74402,0.1957,2
1156.71985,0.55521,2
1156.72278,0.62012,2
1156.56995,0.28073,2
1156.68225,0.41828,2
1156.71643,0.55971,2
1156.69788,0.57072,2
1156.85205,0.7002,2
1156.7334,0.47371,2
1156.79236,0.62734,2
1156.83557,0.66455,2
1156.60266,0.58709,2
1156.81787,0.55549,2
1156.69849,0.47108,2
1156.6333,0.5223,2
1156.57495,0.47237,2
1156.77954,0.49174,2
1156.6908,0.20511,2
1156.65588,0.67243,2
1156.82996,0.68828,2
1156.56421,0.42992,2
1156.771,0.49461,2
1156.60046,0.42731,2
1156.88538,0.65963,2
1156.88965,0.66588,2
1156.55933,0.50218,2
1156.86768,0.55971,2
1156.72766,0.68804,2
1156.84778,0.44988,2
1156.64233,0.70252,2
1156.56995,0.46287,2
1156.72119,0.61404,2
1156.73267,0.55978,2
1156.67151,0.33507,2
1156.78162,0.22827,2
1156.62744,0.31424,2
1156.75183,0.3258,2
1156.8208,0.59338,2
1156.69421,0.40281,2
1156.61108,0.55181,2
1156.89246,0.90517,2
1156.65027,0.45174,2
1156.77307,0.58206,2
1156.65808,0.52954,2
1156.77673,0.51988,2
1156.58643,0.6262,2
1156.58203,0.52126,2
1156.66516,0.62307,2
1156.65527,0.47441,2
1156.67371,0.55588,2
1156.88538,0.70571,2
1156.83289,0.66613,2
1156.78101,0.58694,2
1156.86682,0.68279,2
1156.84558,0.48777,2
1156.73474,0.54076,2
1156.79517,0.21023,2
1156.73975,0.57165,2
1156.62891,0.46084,2
1156.82861,0.50348,2
1156.70142,0.36627,2
1156.84985,0.83138,2
1156.90601,0.39679,2
1156.68359,0.50384,2
1156.81079,0.34604,2
1156.71985,0.68252,2
1156.72546,0.44612,2
1156.60205,0.59035,2
1156.84778,0.80087,2
1156.85278,0.76211,2
1156.78235,0.56337,2
1156.75903,0.55684,2
1156.5658,0.17589,2
1156.87183,0.62776,2
1156.67224,0.38529,2
1156.71777,0.62278,2
1156.73206,0.40289,2
1156.83716,0.87611,2
1156.80518,0.638,2
1156.63037,0.56867,2
1156.61267,0.29337,2
1156.6333,0.43203,2
1156.78601,0.2809,2
1156.72766,0.54019,2
1156.65381,0.56328,2
1156.68433,0.4575,2
1156.7959,0.5131,2
1156.66943,0.62284,2
1156.65027,0.4959,2
1156.81653,0.55536,2
1156.82788,0.70082,2
1156.86621,0.71509,2
1156.74976,0.62987,2
1156.6333,0.72468,2
1156.76746,0.55122,2
1156.81787,0.59982,2
1156.83716,0.54055,2
1156.59766,0.68948,2
1156.901,0.813,2
1156.76111,0.61635,2
1156.72705,0.44989,2
1156.89966,0.73006,2
1156.6283,0.36591,2
1156.89038,0.67455,2
1156.63171,0.44617,2
1156.6958,0.15878,2
1156.64172,0.42291,2
1156.84705,0.85347,2
1156.73547,0.34247,2
1156.70776,0.44768,2
1156.75903,0.49316,2
1156.80518,0.69816,2
1156.74768,0.39501,2
1156.61182,0.58471,2
1156.66296,0.4923,2
1156.63818,0.55764,2
1156.62109,0.50942,2
1156.77246,0.65876,2
1156.78662,0.56031,2
1156.74402,0.77311,2
1156.66235,0.52905,2
1156.66943,0.61399,2
1156.63538,0.52957,2
1156.84778,0.82622,2
1156.61609,0.40525,2
1156.81995,0.6563,2
1156.83081,0.73443,2
1156.84705,0.73776,2
1156.78369,0.52253,2
1156.56287,0.36754,2
1156.84485,0.71421,2
1156.60046,0.77462,2
1156.80164,0.51074,2
1156.77527,0.57407,2
1156.6936,0.61766,2
1156.58777,0.43835,2
1156.82288,0.5623,2
1156.6283,0.35689,2
1156.77954,0.52544,2
1156.7511,0.21962,2
1156.771,0.595,2
1156.8833,0.89611,2
1156.81287,0.62118,2
1156.63892,0.42529,2
1156.79297,0.51029,2
1156.68359,0.50089,2
1156.59546,0.33056,2
1156.58911,0.51481,2
1156.69849,0.48649,2
1156.63672,0.61888,2
1156.82922,0.51727,2
1156.78455,0.5509,2
1156.6886,0.53313,2
1156.68225,0.67873,2
1156.64233,0.69382,2
1156.90039,0.69153,2
1156.85779,0.66978,2
1156.74109,0.56314,2
1156.83557,0.74219,2
1156.64807,0.63323,2
1156.58203,0.57346,2
1156.79797,0.5646,2
1156.57983,0.53225,2
1156.70715,0.36335,2
1156.71411,0.55886,2
1156.61401,0.60784,2
1156.57495,0.26305,2
1156.86621,0.47664,2
1156.71912,0.54776,2
1156.73474,0.64803,2
1156.68225,0.43513,2
1156.76807,0.42077,2
1156.6687,0.5524,2
1156.70557,0.50022,2
1156.83289,0.4754,2
1156.8186,0.55266,2
1156.89539,0.64787,2
1156.82861,0.40263,2
1156.58142,0.57394,2
1156.60046,0.66693,2
1156.77954,0.44825,2
1156.64026,0.51506,2
1156.69421,0.32452,2
1156.89465,0.82067,2
1156.74609,0.16875,2
1156.83423,0.46588,2
1156.76465,0.46811,2
1156.56787,0.45843,2
1156.61548,0.61989,2
1156.8208,0.54117,2
1156.79724,0.61438,2
1156.85547,0.68962,2
1156.86682,0.61776,2
1156.70496,0.56598,2
1156.65234,0.58382,2
1156.70984,0.55183,2
1156.72546,0.56581,2
1156.83557,0.62063,2
1156.82715,0.62429,2
1156.86975,0.61725,2
1156.61902,0.77436,2
1156.85059,0.74682,2
1156.5885,0.82688,2
1156.66089,0.51975,2
1156.63538,0.62568,2
1156.8009,0.72356,2
1156.79724,0.5371,2
1156.61609,0.63114,2
1156.85913,0.75004,2
1156.70349,0.72886,2
1156.77393,0.39089,2
1156.79871,0.47686,2
1156.8009,0.50388,2
1156.84351,0.75728,2
1156.63538,0.85477,2
1156.82788,0.6011,2
1156.72278,0.40059,2
1156.56714,0.63536,2
1156.88831,0.50679,2
1156.80432,0.65201,2
1156.87769,0.51388,2
1156.63464,0.54358,2
1156.6936,0.57942,2
1156.6687,0.64609,2
1156.70776,0.41312,2
1156.60767,0.42113,2
1156.82715,0.57199,2
1156.70984,0.37652,2
1156.79297,0.41702,2
1156.86267,0.94464,2
1156.79456,0.52404,2
1156.59277,0.45516,2
1156.65161,0.20426,3
1156.64526,0.21686,3
1156.63599,0.15986,3
1156.63892,0.25327,3
1156.63818,0.20164,3
1156.64307,0.14976,3
1156.52881,-0.99278,4
1156.52527,-0.88019,4
1156.52661,-0.90154,4
1156.52881,-0.96469,4
1156.5238,-0.8342,4
1156.52734,-0.83831,4
1156.54089,-0.46087,5
1156.54224,-0.41026,5
1156.53296,-0.40423,5
1156.53796,-0.37699,5
1156.53589,-0.48807,5
1156.54443,-0.47487,5
1156.54016,-0.37593,5
1156.40295,-7.76135,6
1156.40295,-7.82477,6
1156.40796,-7.84016,6
1156.40295,-7.90906,6
1156.40381,-7.83117,6
1156.39661,-8.01433,7
1156.40161,-8.11745,7
1156.3988,-8.06851,7
1156.39526,-8.09905,7
1156.40015,-8.02713,7
1156.42578,-6.79795,8
1156.42578,-6.86,8
1156.43152,-6.84206,8
1156.42859,-6.84535,8
1156.43359,-6.89924,8
1156.42712,-6.82386,8
1156.5437,-1.04957,-1
1156.82788,1.4123,-1
1156.54651,1.04967,-1
1156.49329,1.29498,-1
1156.4989,-3.12589,-1
1156.5459,-0.0267,-1
1156.44983,-6.04093,-1
1156.7937,0.02894,-1
1156.3241,-12.18447,-1
1156.63171,0.05426,-1
1156.46704,-4.32407,-1
1156.57495,0.85522,-1
1156.29285,-13.06619,-1
1156.50964,0.21993,-1
1156.58411,0.20144,-1
1156.36755,-10.03356,-1
1156.42078,0.61998,-1
1156.5415,-1.16362,-1
1156.45068,-5.64052,-1
1156.48193,-4.32065,-1
1156.41357,-9.01283,-1
1156.70142,0.18831,-1
1156.40515,-7.25145,-1
1156.81519,1.34829,-1
1156.49756,-3.80011,-1
1156.77893,1.41024,-1
1156.45142,-6.06149,-1
1156.27161,0.8754,-1
1156.29919,-13.17535,-1
1156.44141,-6.00909,-1
1156.37256,1.26475,-1
1156.46545,-5.60762,-1
1156.35107,-11.19038,-1
1156.75183,0.03552,-1
1156.88245,1.15185,-1
1156.30286,-12.64753,-1
1156.85059,1.27387,-1
1156.85779,1.18164,-1
1156.49036,-2.7305,-1
1156.46631,-5.48284,-1
1156.32275,-12.13914,-1
1156.36755,-10.24031,-1
1156.54932,1.31185,-1
1156.64465,0.99335,-1
1156.42578,-7.08488,-1
1156.70422,1.18241,-1
1156.42078,-7.17862,-1
1156.54443,-0.75318,-1
1156.36829,-9.87148,-1
1156.28015,-13.14716,-1
1156.44641,0.88798,-1
1156.3689,1.05669,-1
1156.38599,-9.40658,-1
1156.26733,-12.52014,-1
1156.28796,-12.60699,-1
1156.82581,1.19456,-1
1156.30505,-12.68902,-1
1156.4342,-6.57333,-1
1156.8186,0.1268,-1
1156.76672,0.93864,-1
1156.31641,-12.19913,-1
1156.51318,-4.0721,-1
1156.68579,-1.87895,-1
1156.73413,1.43431,-1
1156.7262,0.25378,-1
1156.31213,1.88825,-1
1156.53162,-0.21069,-1
1156.4165,-6.97847,-1
1156.51392,-1.4857,-1
1156.52734,-0.71778,-1
1156.39954,-1.01945,-1
1156.76111,0.89523,-1
1156.42578,-6.98264,-1
1156.6012,0.90378,-1
1156.30078,-12.88395,-1
1156.3717,-9.34557,-1
1156.5459,-0.77163,-1
1156.41516,1.84882,-1
1156.83716,1.29283,-1
1156.36963,-9.8566,-1
1156.64893,1.89709,-1
1156.88403,1.12657,-1
1156.72546,0.11967,-1
1156.35754,-10.08131,-1
1156.57849,0.07758,-1
1156.48535,-3.95018,-1
1156.69287,-0.54447,-1
1156.42432,0.49344,-1
1156.80432,1.20746,-1
1156.69421,-1.76939,-1
1156.7583,1.00122,-1
1156.45911,1.24302,-1
1156.83557,1.28095,-1
1156.55859,-0.05008,-1
1156.40515,-7.4552,-1
1156.63171,1.20516,-1
1156.37537,1.94192,-1
1156.80164,1.28801,-1
1156.33337,-11.8958,-1
1156.32141,-12.38382,-1
1156.35828,-10.92204,-1
1156.44421,-6.11985,-1
1156.28442,-13.06635,-1
1156.4364,-6.35577,-1
1156.86047,0.38274,-1
1156.36328,-10.0301,-1
1156.48535,1.44481,-1
1156.28577,-12.95819,-1
1156.84485,0.23218,-1
1156.34839,-10.61675,-1
1156.43213,-6.36397,-1
1156.29504,1.10768,-1
1156.26526,-13.03419,-1
1156.83716,1.44804,-1
1156.33203,0.95647,-1
1156.53796,-1.21341,-1
1156.66663,0.16475,-1
1156.36182,-10.80294,-1
1156.5033,-4.06841,-1
1156.48401,-4.17988,-1
1156.27881,-12.98243,-1
1156.49609,-3.88269,-1
1156.53162,-1.10605,-1
1156.53162,-1.08501,-1
1156.30078,-12.74047,-1
1156.39307,-8.52874,-1
1156.35535,-10.82785,-1
1156.57776,1.27562,-1
1156.33765,-11.75118,-1
1156.49255,-3.28917,-1
1156.73206,1.41824,-1
1156.45349,-5.65684,-1
1156.67432,0.18996,-1
1156.38391,-9.23548,-1
1156.88037,1.42152,-1
1156.51892,-2.6421,-1
1156.42578,-7.08137,-1
1156.3064,-12.41905,-1
1156.4989,-2.33099,-1
1156.30359,-12.79055,-1
1156.41589,-7.61578,-1
1156.39026,-0.15037,-1
1156.47339,-4.25608,-1
1156.4989,-2.28722,-1
1156.52307,-1.16453,-1
1156.44141,-6.45469,-1
1156.51172,-1.55934,-1
1156.34973,-11.10287,-1
1156.63599,1.27494,-1
1156.61475,0.8623,-1
1156.45911,-5.78478,-1
1156.27222,-13.46701,-1
1156.5835,0.24583,-1
1156.62964,0.10434,-1
1156.7887,1.30868,-1
1156.55151,0.53253,-1
1156.51025,-2.81474,-1
1156.52307,-2.06725,-1
1156.33765,-12.78251,-1
1156.66162,0.206,-1
1156.41858,-7.53679,-1
1156.28015,-13.02994,-1
1156.43994,-6.42337,-1
1156.40015,-8.31187,-1
1156.85706,1.36028,-1
1156.39526,-8.27287,-1
1156.88831,1.35095,-1
1156.33337,-11.88266,-1
1156.36609,-9.8277,-1
1156.31775,1.87587,-1
1156.4292,-7.09831,-1
1156.80225,0.02097,-1
1156.44641,-5.67082,-1
1156.44568,0.16173,-1
1156.4613,-5.08858,-1
1156.52234,-0.51996,-1
1156.45776,-5.26396,-1
1156.48767,1.36583,-1
1156.45276,-5.53648,-1
1156.30786,-12.98419,-1
1156.51099,-1.34891,-1
1156.36255,-10.19189,-1
1156.31274,-12.32177,-1
1156.27722,-13.48033,-1
1156.55359,-0.40415,-1
1156.66162,1.90511,-1
1156.45703,1.37966,-1
1156.7533,0.92641,-1
1156.4115,-7.43053,-1
1156.35535,1.31245,-1
1156.3866,-8.8812,-1
1156.49963,-3.11112,-1
1156.48328,-4.13653,-1
1156.54932,-0.3557,-1
1156.5387,-1.45898,-1
1156.32776,-11.23407,-1
1156.25098,-13.09998,-1
1156.49756,-2.95874,-1
1156.33337,-11.86721,-1
1156.56213,0.97787,-1
1156.3988,-7.73152,-1
1156.54858,-0.82795,-1
1156.79724,1.3148,-1
1156.44141,-6.63983,-1
1156.42224,0.27652,-1
1156.29651,-13.26359,-1
1156.4541,-5.12736,-1
1156.87769,0.36293,-1
1156.48608,-4.00696,-1
1156.70142,1.24915,-1
1156.4762,-4.2854,-1
1156.5459,-0.13695,-1
1156.45984,-6.29761,-1
1156.44348,-6.2434,-1
1156.45984,-5.21189,-1
1156.25171,-13.17728,-1
1156.53723,-1.2304,-1
1156.63538,1.43437,-1
1156.42712,-6.96463,-1
1156.27515,-12.59219,-1
1156.4613,-5.98552,-1
1156.80591,1.23223,-1
1156.49255,1.34476,-1
1156.53943,-1.11603,-1
1156.56848,1.97221,-1
1156.38098,0.36798,-1
1156.38452,-9.40392,-1
1156.46765,-5.21624,-1
1156.25598,-13.23533,-1
1156.82788,1.25972,-1
1156.44775,-5.87741,-1
1156.40588,-7.43029,-1
1156.81433,1.24438,-1
1156.40454,-8.22816,-1
1156.26099,-13.06344,-1
1156.36035,-10.3547,-1
1156.35828,1.37626,-1
1156.76746,1.25271,-1
1156.67017,0.11323,-1
1156.52588,-0.72372,-1
1156.55432,0.01627,-1
1156.39453,1.07614,-1
1156.44922,-5.78881,-1
1156.46631,-5.71841,-1
1156.62109,1.32903,-1
1156.44275,1.19042,-1
1156.49609,-2.45382,-1
1156.81287,0.22504,-1
1156.24536,-13.11016,-1
1156.47192,1.26773,-1
1156.62256,0.1175,-1
1156.40796,-7.62508,-1
1156.48267,-5.02625,-1
1156.75903,1.01985,-1
1156.39233,-8.6299,-1
1156.3241,1.13686,-1
1156.51233,-2.03395,-1
1156.27795,-13.09849,-1
1156.36401,-9.97099,-1
1156.44495,-6.64072,-1
1156.37463,-9.09179,-1
1156.56287,-0.25609,-1
1156.45483,-5.44521,-1
1156.32776,-11.60068,-1
1156.63037,1.12251,-1
1156.46484,-4.6621,-1
1156.34839,-11.27275,-1
1156.51599,-1.51557,-1
1156.55579,-0.13208,-1
1156.58557,0.20308,-1
1156.54089,0.01977,-1
1156.50745,1.20325,-1
1156.43079,1.3079,-1
1156.63171,0.94343,-1
1156.54224,0.15182,-1
1156.36536,1.14604,-1
1156.78455,1.159,-1
1156.36963,-9.76497,-1
1156.54651,1.19954,-1
1156.37744,-9.19797,-1
1156.52588,-1.4013,-1
1156.32629,-11.73441,-1
1156.35327,-11.03145,-1
1156.61047,0.30836,-1
1156.72546,1.45209,-1
1156.56213,0.73539,-1
1156.60205,0.90123,-1
1156.53723,-0.67958,-1
1156.57983,0.05062,-1
1156.55713,-0.34984,-1
1156.46338,-4.82541,-1
