1837.17297 -5.72581 1
1837.17297 1.56221 1
1837.17371 1.6248 1
1837.17432 1.58703 1
1837.17432 1.64499 1
1837.17517 0.41764 1
1837.17651 1.70677 1
1837.17651 1.5177 1
1837.17725 1.5367 1
1837.17725 1.3671 1
1837.17725 1.36297 1
1837.17798 1.25045 1
1837.17859 1.42374 1
1837.17859 1.66084 1
1837.17932 1.58478 1
1837.17932 1.43656 1
1837.17932 -14.79383 1
1837.18018 1.31621 1
1837.18018 1.74551 1
1837.18018 1.47762 1
1837.18091 1.40104 1
1837.18091 1.55312 1
1837.18152 1.32926 1
1837.18225 1.46953 1
1837.18225 1.15972 1
1837.18298 1.74489 1
1837.18298 1.43008 1
1837.18359 1.68043 1
1837.18359 1.50313 1
1837.18359 1.70634 1
1837.18652 20.86604 -1
1837.18652 1.67373 1
1837.18652 1.78118 1
1837.18652 1.84678 1
1837.18726 1.80609 1
1837.18787 1.869 1
1837.1886 1.79308 1
1837.18933 1.79441 1
1837.19019 1.29921 1
1837.19019 1.71216 1
1837.19019 -4.55286 1
1837.1908 1.57547 1
1837.1908 1.69071 1
1837.19153 1.57501 1
1837.19153 1.7533 1
1837.19153 1.87805 1
1837.19287 1.70514 1
1837.19287 -19.91646 1
1837.1936 1.54981 1
1837.1936 1.58937 1
1837.19434 1.55471 1
1837.19495 1.77795 1
1837.19495 1.69783 1
1837.19495 1.56895 1
1837.1958 1.74378 1
1837.19653 1.50701 1
1837.19653 1.63731 1
1837.19714 1.77323 1
1837.19788 1.51443 1
1837.19934 1.7695 1
1837.19934 -6.83958 1
1837.19934 1.62201 1
1837.20154 21.73804 -1
1837.20154 1.74582 1
1837.20215 1.73506 1
1837.20288 1.67431 1
1837.20288 1.90587 1
1837.20422 1.77674 1
1837.20422 1.58201 1
1837.20496 1.39792 1
1837.20496 1.53199 1
1837.20496 1.67428 1
1837.20581 1.47126 1
1837.20715 1.57478 1
1837.20715 1.75422 1
1837.20715 1.68073 1
1837.20789 1.76825 1
1837.20923 1.58042 1
1837.20996 1.56073 1
1837.20996 1.68689 1
1837.21069 1.80182 1
1837.21069 7.83493 -1
1837.21143 1.8077 1
1837.21216 1.51107 1
1837.21216 1.58374 1
1837.21289 1.75864 1
1837.21289 1.61257 1
1837.2135 1.66485 1
1837.21423 16.65249 -1
1837.21497 1.57264 1
1837.21497 1.34777 1
1837.21558 1.70976 1
1837.21558 1.76206 1
1837.21777 1.74066 1
1837.21851 1.63884 1
1837.22058 1.27767 1
1837.22058 1.79879 1
1837.22144 1.72658 1
1837.22217 1.93866 1
1837.22351 1.59049 1
1837.22705 1.93014 1
1837.22705 1.81063 1
1837.22705 1.9339 1
1837.22705 2.04106 1
1837.22852 21.04492 1
1837.22852 1.88457 1
1837.22852 1.84273 1
1837.22852 1.75072 1
1837.22913 1.78483 1
1837.22913 2.05868 1
1837.22986 1.9615 1
1837.22986 -21.34588 1
1837.23059 1.84455 1
1837.23059 1.97587 1
1837.23132 20.86148 1
1837.23132 1.81174 1
1837.23206 1.84118 1
1837.23206 1.96021 1
1837.23279 1.82187 1
1837.23352 1.70424 1
1837.23413 1.91124 1
1837.2356 1.63257 1
1837.23621 1.46362 1
1837.23706 1.71037 1
1837.23779 1.60609 1
1837.23779 1.54231 1
1837.23779 -5.64879 1
1837.23779 1.76727 1
1837.23914 1.55625 1
1837.2406 1.5887 1
1837.24121 -10.78693 1
1837.2428 1.57339 1
1837.2428 1.44982 1
1837.2428 1.3228 1
1837.2428 -0.37122 1
1837.24341 1.5878 1
1837.24414 1.44404 1
1837.24487 1.60771 1
1837.24487 1.63126 1
1837.24487 1.76246 1
1837.24487 1.75966 1
1837.24548 1.61759 1
1837.24622 8.02201 -1
1837.24695 1.45936 1
1837.24841 1.66274 1
1837.24915 1.57076 1
1837.24915 1.77257 1
1837.24915 1.62312 1
1837.24988 1.87506 1
1837.24988 1.56256 1
1837.25049 1.37762 1
1837.25195 1.56585 1
1837.25269 1.598 1
1837.25269 1.64544 1
1837.25269 0.86825 1
1837.25269 1.8274 1
1837.25342 1.64178 1
1837.25476 1.60979 1
1837.25623 1.78711 1
1837.25623 1.73377 1
1837.25684 1.67018 1
1837.25684 1.73276 1
1837.25842 1.62962 1
1837.25842 1.74928 1
1837.2605 1.67221 1
1837.26123 1.04362 1
1837.26257 1.61766 1
1837.26343 1.82113 1
1837.26477 1.54951 1
1837.26477 1.52804 1
1837.26477 3.59475 -1
1837.2655 1.67966 1
1837.26758 1.58831 1
1837.26758 1.58566 1
1837.26758 9.16652 -1
1837.26831 1.61917 1
1837.26831 1.77045 1
1837.26904 1.68245 1
1837.26904 1.78993 1
1837.26978 1.87692 1
1837.26978 5.92187 -1
1837.26978 1.67727 1
1837.27051 1.77139 1
1837.27051 1.55971 1
1837.27051 1.69144 1
1837.27185 1.67177 1
1837.27258 1.59235 1
1837.27258 1.58397 1
1837.27319 1.5796 1
1837.27319 1.618 1
1837.27319 1.6157 1
1837.27405 1.60402 1
1837.27478 1.91487 1
1837.27539 1.62875 1
1837.27539 1.91363 1
1837.27539 1.82722 1
1837.27539 -11.40946 1
1837.27612 1.7523 1
1837.27612 1.69269 1
1837.27747 1.85725 1
1837.27747 1.82767 1
1837.27905 1.74931 1
1837.27905 1.92485 1
1837.27966 1.78991 1
1837.27966 1.61154 1
1837.2804 1.82849 1
1837.2804 -16.82548 1
1837.28186 -5.74867 1
1837.28247 1.81151 1
1837.28247 1.66521 1
1837.28247 1.70906 1
1837.2832 10.77127 -1
1837.28406 1.60557 1
1837.28406 -17.56933 1
1837.2854 1.95186 1
1837.28674 1.6153 1
1837.28674 1.63149 1
1837.28674 1.533 1
1837.28748 -0.68535 1
1837.28748 1.52317 1
1837.28748 1.65824 1
1837.28748 -18.22676 1
1837.28882 21.11996 -1
1837.28882 1.63753 1
1837.28967 1.72849 1
1837.28967 1.62727 1
1837.28967 1.60258 1
1837.28967 1.64989 1
1837.28967 1.47248 1
1837.28967 2.01855 -1
1837.29041 1.47017 1
1837.29041 1.237 1
1837.29114 19.65244 -1
1837.29114 1.69121 1
1837.29175 1.72764 1
1837.29248 1.00416 1
1837.29248 1.65353 1
1837.29248 1.39303 1
1837.29382 1.52707 1
1837.29468 0.88462 1
1837.29541 1.69351 1
1837.29541 1.65512 1
1837.29602 1.45356 1
1837.29675 1.67935 1
1837.29749 1.41615 1
1837.29749 1.59928 1
1837.2981 -0.46062 1
1837.2981 -10.81165 1
1837.29883 1.27926 1
1837.29968 1.64511 1
1837.30042 1.48753 1
1837.30176 1.60423 1
1837.30176 1.68723 1
1837.30249 1.38364 1
1837.30249 1.29542 1
1837.3031 18.34029 -1
1837.3031 1.5359 1
1837.3031 1.76403 1
1837.30383 -7.33643 1
1837.30457 1.81491 1
1837.3053 1.48623 1
1837.3053 1.44968 1
1837.3053 1.40799 1
1837.30603 -4.86246 1
1837.30603 1.68867 1
1837.30603 -8.77373 1
1837.30676 1.78917 1
1837.30737 1.50426 1
1837.30737 1.72231 1
1837.30737 1.73371 1
1837.30737 1.50671 1
1837.30811 1.49343 1
1837.30884 1.71106 1
1837.30884 1.44122 1
1837.30884 1.61969 1
1837.30884 1.43558 1
1837.30884 1.6442 1
1837.30884 1.48594 1
1837.30945 1.63779 1
1837.30945 1.56514 1
1837.3103 1.42209 1
1837.3103 -10.89527 1
1837.31238 1.56175 1
1837.31384 1.47025 1
1837.31445 1.47253 1
1837.31604 1.40558 1
1837.31665 1.39462 1
1837.31738 1.20282 1
1837.31812 1.44768 1
1837.31873 1.52324 1
1837.31873 -4.66416 1
1837.31946 1.55301 1
1837.32019 2.2925 -1
1837.32019 1.18988 1
1837.32019 -8.92415 1
1837.32104 1.42669 1
1837.32104 1.64131 1
1837.32312 1.59306 1
1837.32373 1.55731 1
1837.32446 1.58706 1
1837.3252 1.64962 1
1837.32666 1.60828 1
1837.32739 -1.90983 1
1837.328 1.31888 1
1837.32947 1.5329 1
1837.33008 1.53479 1
1837.33008 1.67726 1
1837.33093 1.64793 1
1837.3324 1.43509 1
1837.3324 1.14827 1
1837.33301 1.3949 1
1837.33374 1.49819 1
1837.33447 1.48077 1
1837.33447 1.674 1
1837.33447 1.58976 1
1837.33508 1.35625 1
1837.33582 1.3304 1
1837.33667 1.54657 1
1837.33728 1.61606 1
1837.33801 1.55347 1
1837.33801 1.40022 1
1837.33801 -15.47295 1
1837.33875 1.54977 1
1837.33875 -6.32312 1
1837.33875 1.54515 1
1837.33936 -0.6842 1
1837.34009 -4.90967 1
1837.34009 1.27493 1
1837.34229 1.53623 1
1837.34229 0.99839 1
1837.34302 1.51179 1
1837.34375 1.77919 1
1837.34375 0.15152 1
1837.34375 1.51041 1
1837.34375 1.64277 1
1837.34436 1.4794 1
1837.34509 1.42533 1
1837.34583 1.2777 1
1837.34583 1.50676 1
1837.34729 1.39161 1
1837.34802 1.52779 1
1837.34802 1.53677 1
1837.34863 1.49181 1
1837.34863 1.35623 1
1837.34937 1.55192 1
1837.35083 1.51756 1
1837.35144 1.92499 1
1837.35144 1.63584 1
1837.35144 1.40022 1
1837.35303 1.36114 1
1837.35364 1.21362 1
1837.35364 1.42911 1
1837.35571 1.49731 1
1837.35571 -5.67214 1
1837.35645 1.34062 1
1837.35645 1.46396 1
1837.35791 1.74691 1
1837.35864 1.43869 1
1837.35864 1.28773 1
1837.35938 1.44186 1
1837.35938 1.63358 1
1837.35938 1.58548 1
1837.36072 1.25838 1
1837.3623 1.45455 1
1837.36292 1.59794 1
1837.36292 1.8303 1
1837.36365 1.74618 1
1837.36365 1.75872 1
1837.36365 1.61419 1
1837.36365 1.71581 1
1837.36499 1.79439 1
1837.36499 1.74461 1
1837.36499 12.42371 -1
1837.36646 1.61854 1
1837.36707 -13.02791 1
1837.36865 1.75429 1
1837.36926 1.62169 1
1837.37 22.07852 -1
1837.37 1.71295 1
1837.37 -1.401 1
1837.37 1.71635 1
1837.37073 1.78385 1
1837.37146 1.80047 1
1837.37207 1.65874 1
1837.37207 0.78797 1
1837.37292 1.89296 1
1837.37366 1.86819 1
1837.37366 1.47716 1
1837.37427 1.61144 1
1837.37427 1.54669 1
1837.375 1.61834 1
1837.37708 1.7168 1
1837.38 1.82454 1
1837.38135 1.71522 1
1837.38208 -8.04079 1
1837.38354 1.38353 1
1837.38501 1.70588 1
1837.38562 21.83984 1
1837.38635 10.88673 1
1837.38635 1.31067 1
1837.38708 -5.89911 1
1837.38855 1.63629 1
1837.3927 1.73264 1
1837.3927 1.2898 1
1837.39697 6.0119 1
1837.40063 16.77991 1
1837.41272 1.56882 1
1837.41272 -11.91529 1
1837.4176 13.63643 1
1837.41833 1.16284 1
1837.422 1.64909 1
1837.4248 22.69261 1
1837.4248 -20.73435 1
1837.42554 -20.89412 1
1837.42688 3.64324 1
1837.42834 1.44137 1
1837.42981 14.80283 1
1837.43262 1.55719 1
1837.43396 1.82201 1
1837.43396 -13.63911 1
1837.43555 1.73827 1
1837.43616 1.73494 1
1837.43762 1.52539 1
1837.43762 -14.49881 1
1837.43896 1.61847 1
1837.43896 1.22093 1
1837.44043 1.42415 1
1837.44116 1.5843 1
1837.44263 1.64674 1
1837.44263 1.44225 1
1837.44263 -15.2235 1
1837.4447 -17.81926 1
1837.44617 1.57039 1
1837.44617 1.52642 1
1837.44751 -0.57588 1
1837.44751 1.61596 1
1837.44897 1.59045 1
1837.44958 1.47354 1
1837.44958 -3.34542 1
1837.45032 1.35926 1
1837.4519 1.43512 1
1837.4519 1.36278 1
1837.4519 1.44226 1
1837.4519 1.51926 1
1837.45325 -22.04875 1
1837.45398 1.63092 1
1837.45459 1.40344 1
1837.45459 1.6446 1
1837.45618 4.77649 -1
1837.45679 -20.36451 1
1837.45886 1.66532 1
1837.45959 1.44154 1
1837.45959 1.41141 1
1837.45959 1.47433 1
1837.45959 -11.8589 1
1837.46033 1.65751 1
1837.46033 -7.38717 1
1837.46106 -10.54936 1
1837.46179 -2.46175 1
1837.46179 1.56641 1
1837.46252 -6.69214 1
1837.46252 -11.565 1
1837.46326 1.41832 1
1837.46326 0.88017 1
1837.46326 -9.41609 1
1837.46326 -11.72258 1
1837.46387 1.33546 1
1837.4646 1.59858 1
1837.4646 -14.95126 1
1837.46533 1.60705 1
1837.46594 -4.38408 1
1837.46594 -13.2071 1
1837.46814 1.54051 1
1837.46814 1.6543 1
1837.46814 1.30041 1
1837.46887 1.64643 1
1837.46887 1.62843 1
1837.46887 -7.79063 1
1837.4696 0.3506 1
1837.47021 1.69077 1
1837.4718 1.68923 1
1837.47253 1.68203 1
1837.47314 1.81162 1
1837.47314 1.23498 1
1837.47388 -7.00114 1
1837.47461 1.86799 1
1837.47461 -6.60855 1
1837.47461 1.72605 1
1837.47595 1.8523 1
1837.47681 1.88777 1
1837.47815 -6.78893 1
1837.47815 1.71082 1
1837.47888 1.68974 1
1837.47888 1.48591 1
1837.47949 1.62386 1
1837.48022 1.67029 1
1837.48022 1.82526 1
1837.48242 1.57069 1
1837.48242 -14.40475 1
1837.48389 12.35966 -1
1837.48389 1.52276 1
1837.48389 -7.19994 1
1837.48523 -6.72041 1
1837.48743 1.4546 1
1837.48743 1.61022 1
1837.48743 1.59254 1
1837.48743 -7.08021 1
1837.48816 1.50388 1
1837.48816 0.24371 1
1837.48816 0.26285 1
1837.48877 1.65073 1
1837.48877 1.61937 1
1837.4895 -1.45756 1
1837.4895 -8.24838 1
1837.49023 1.70043 1
1837.49023 1.58398 1
1837.49084 1.84722 1
1837.49084 1.56522 1
1837.49243 1.7513 1
1837.49243 -7.08787 1
1837.49243 1.23375 1
1837.49243 1.45899 1
1837.49243 1.7828 1
1837.49243 -8.12419 1
1837.49243 -7.15678 1
1837.49316 1.80146 1
1837.49451 1.60772 1
1837.49524 2.01074 1
1837.49524 1.72247 1
1837.49585 1.39044 1
1837.49658 -7.21335 1
1837.49658 -7.73306 1
1837.49731 -7.16717 1
1837.49731 -4.23298 1
1837.49731 1.50768 1
1837.49731 1.85137 1
1837.49731 -7.38617 1
1837.49805 -4.62904 1
1837.49805 1.6795 1
1837.49878 -7.3795 1
1837.49878 1.48444 1
1837.49878 1.97219 1
1837.49951 -5.96823 1
1837.49951 2.01243 1
1837.50012 1.81278 1
1837.50305 1.81344 1
1837.50305 1.16737 1
1837.50378 1.38561 1
1837.50378 1.68898 1
1837.50378 1.60902 1
1837.50452 1.8227 1
1837.50452 1.57706 1
1837.50452 1.68437 1
1837.50452 -6.74464 1
1837.50452 -7.01457 1
1837.50452 1.66465 1
1837.50452 1.84189 1
1837.50513 1.51548 1
1837.50513 0.65311 1
1837.50586 16.15196 -1
1837.50586 -6.77403 1
1837.50659 -6.42348 1
1837.5072 1.82244 1
1837.50806 1.5508 1
1837.50806 -6.47418 1
1837.50806 1.63551 1
1837.50806 1.5098 1
1837.50806 -6.16663 1
1837.50806 -19.36042 -1
1837.50879 1.78218 1
1837.51013 1.83338 1
1837.51086 -6.40628 1
1837.51086 -13.64468 -1
1837.51221 1.81959 1
1837.51221 2.00197 1
1837.51294 1.60473 1
1837.51294 2.1923 1
1837.51294 11.13529 -1
1837.5144 1.76558 1
1837.5144 1.69907 1
1837.5144 -19.56928 1
1837.51514 1.61754 1
1837.51514 -6.36483 1
1837.51514 1.64451 1
1837.51587 -6.77146 1
1837.51648 1.74882 1
1837.51648 1.73466 1
1837.51721 -7.87282 1
1837.51794 1.56591 1
1837.51794 1.87347 1
1837.51868 1.69688 1
1837.51941 -7.65144 1
1837.51941 -7.11602 1
1837.51941 -4.66911 1
1837.52014 1.46719 1
1837.52014 1.49528 1
1837.52075 1.91109 1
1837.52148 1.37229 1
1837.52222 -6.98177 1
1837.52295 1.33441 1
1837.52295 1.40729 1
1837.52295 -7.64179 1
1837.52441 -3.24723 1
1837.52441 1.43053 1
1837.52441 -5.53105 1
1837.52441 1.59802 1
1837.52441 -8.03161 1
1837.52515 -7.64725 1
1837.52515 1.56977 1
1837.52576 -7.5549 1
1837.52576 1.41329 1
1837.52722 4.16355 -1
1837.52856 1.52296 1
1837.52856 -11.85475 1
1837.53003 1.61292 1
1837.53003 -9.58365 1
1837.53076 1.5324 1
1837.53076 1.76263 1
1837.53149 -4.59586 1
1837.53149 -3.10793 1
1837.5321 -4.24846 1
1837.5321 -19.69621 1
1837.53284 1.67487 1
1837.53357 1.5002 1
1837.53357 1.46716 1
1837.53357 1.36407 1
1837.53442 1.57399 1
1837.53442 1.65436 1
1837.53442 -1.95709 1
1837.53503 1.57005 1
1837.53503 1.52877 1
1837.53503 -2.94816 1
1837.53503 -18.95975 -1
1837.53577 1.58878 1
1837.5365 1.6671 1
1837.5365 1.51521 1
1837.5365 -2.86718 1
1837.53711 1.70262 1
1837.53711 1.56898 1
1837.53711 1.42818 1
1837.53857 -2.68869 1
1837.53931 1.68515 1
1837.53931 1.64955 1
1837.54004 -1.53818 1
1837.54004 -0.91291 1
1837.54077 -3.4485 1
1837.54138 1.32419 1
1837.54211 1.35703 1
1837.54211 -1.52996 1
1837.54211 -1.89554 1
1837.54211 1.53369 1
1837.54211 -11.72212 -1
1837.54285 1.11293 1
1837.54285 1.47668 1
1837.54285 -2.52746 1
1837.54358 1.37181 1
1837.54358 1.48825 1
1837.54358 1.3512 1
1837.54419 -1.37452 1
1837.54639 1.50285 1
1837.54639 1.69112 1
1837.54639 1.53269 1
1837.54712 -3.39031 1
1837.54785 -0.48712 1
1837.54919 1.57408 1
1837.55066 1.63162 1
1837.55066 1.38419 1
1837.55139 -0.64443 1
1837.55139 -3.06484 1
1837.55139 1.7165 1
1837.55139 -1.05809 1
1837.55139 1.75808 1
1837.55212 -0.56117 1
1837.55286 1.62445 1
1837.55286 1.42427 1
1837.55347 1.48936 1
1837.5542 -0.31375 1
1837.5542 1.68733 1
1837.5542 1.59405 1
1837.55505 7.75018 -1
1837.55505 -0.25858 1
1837.55505 1.58986 1
1837.55566 0.87089 1
1837.5564 0.12938 1
1837.5564 -0.74808 1
1837.5564 0.00733 1
1837.55713 1.67324 1
1837.55713 1.54251 1
1837.55713 -0.33955 1
1837.55774 1.52411 1
1837.55847 1.64652 1
1837.5592 -9.07607 -1
1837.56067 1.71344 1
1837.56067 -0.20216 1
1837.5614 0.05504 1
1837.5614 -0.97065 1
1837.5614 -0.02977 1
1837.5614 0.16026 1
1837.5614 1.53365 1
1837.56201 -0.19904 1
1837.56201 -0.32238 1
1837.56201 -0.39733 1
1837.56274 1.51585 1
1837.56348 1.76916 1
1837.56348 1.60084 1
1837.56482 0.17032 1
1837.56482 0.08351 1
1837.56482 1.76043 1
1837.56567 1.68673 1
1837.56567 1.38622 1
1837.56567 1.67194 1
1837.56567 0.10495 1
1837.56641 1.61183 1
1837.56702 1.43227 1
1837.56702 -0.61111 1
1837.56702 0.02043 1
1837.56702 1.69788 1
1837.56775 1.64967 1
1837.56775 1.47767 1
1837.56775 -0.00622 1
1837.56775 -0.13235 1
1837.56848 -0.1785 1
1837.56848 1.36581 1
1837.56848 1.50884 1
1837.56848 -0.03809 1
1837.56848 0.05726 1
1837.56848 -0.29985 1
1837.56909 1.52805 1
1837.56909 1.66672 1
1837.56982 1.57725 1
1837.56982 1.49364 1
1837.56982 1.51612 1
1837.57068 1.53355 1
1837.57068 1.43981 1
1837.57068 1.658 1
1837.57068 -0.27868 1
1837.57068 -0.6727 1
1837.57068 1.47599 1
1837.57068 1.6336 1
1837.57068 5.0668 -1
1837.57129 -3.36646 -1
1837.57129 1.47776 1
1837.57202 -0.89145 1
1837.57202 0.06442 1
1837.57202 -0.24347 1
1837.57202 0.1623 1
1837.57202 -0.06709 1
1837.57202 -21.38446 -1
1837.57275 1.37573 1
1837.57275 1.48181 1
1837.57349 1.50815 1
1837.57349 1.50494 1
1837.57349 1.525 1
1837.57349 0.06823 1
1837.5741 1.55869 1
1837.5741 -0.1519 1
1837.5741 0.10228 1
1837.5741 0.01695 1
1837.57629 -0.17445 1
1837.57629 1.64286 1
1837.57629 -0.13862 1
1837.57629 -10.93684 -1
1837.57703 1.46034 1
1837.57703 -0.78424 1
1837.57776 1.60356 1
1837.57776 1.53837 1
1837.57776 1.30722 1
1837.57776 1.57014 1
1837.5791 16.91924 -1
1837.5791 1.65375 1
1837.57983 1.46436 1
1837.57983 1.52777 1
1837.58044 0.15677 1
1837.58044 1.62268 1
1837.58044 1.47995 1
1837.58044 1.71861 1
1837.58044 1.49432 1
1837.5813 -0.47227 1
1837.5813 1.47713 1
1837.58203 1.58649 1
1837.58264 0.16284 1
1837.58264 1.50356 1
1837.58264 1.49232 1
1837.58337 0.16819 1
1837.58337 -0.04355 1
1837.58337 -0.12246 1
1837.58337 -0.15 1
1837.58337 1.43441 1
1837.58337 -2.71263 -1
1837.58337 1.74934 1
1837.58411 1.73097 1
1837.58484 1.49644 1
1837.58545 1.41937 1
1837.58545 1.57895 1
1837.58545 -0.08046 1
1837.58545 0.18377 1
1837.5863 -0.08727 1
1837.5863 -0.26551 1
1837.5863 1.53908 1
1837.5863 1.61176 1
1837.58704 0.16558 1
1837.58704 0.0559 1
1837.58765 1.81105 1
1837.58765 1.58159 1
1837.58765 -0.90415 1
1837.58838 -0.4147 1
1837.58838 1.26939 1
1837.58838 -0.33867 1
1837.58838 1.53106 1
1837.58911 1.59363 1
1837.58911 1.21591 1
1837.58972 1.65252 1
1837.58972 1.40579 1
1837.58972 -0.28815 1
1837.59045 -0.67556 1
1837.59131 1.51942 1
1837.59131 -0.23438 1
1837.59131 1.37941 1
1837.59131 -0.35554 1
1837.59192 1.53525 1
1837.59192 -0.4098 1
1837.59265 4.39804 -1
1837.59265 1.28873 1
1837.59265 -0.32133 1
1837.59265 -0.37056 1
1837.59338 -0.54512 1
1837.59338 -0.22957 1
1837.59338 -21.53225 -1
1837.59412 1.92473 1
1837.59473 -0.14693 1
1837.59473 -0.80976 1
1837.59546 -0.33055 1
1837.59546 1.76504 1
1837.59546 -0.61977 1
1837.59546 -1.80274 1
1837.59546 -0.15225 1
1837.59619 1.47492 1
1837.59619 1.53032 1
1837.59692 1.64245 1
1837.59692 1.71961 1
1837.59692 7.99664 -1
1837.59766 -0.37003 1
1837.59839 19.80205 -1
1837.59839 1.54187 1
1837.59839 -0.41687 1
1837.59839 -0.12661 1
1837.599 -0.96771 1
1837.599 2.1221 -1
1837.599 2.16232 -1
1837.59973 -0.47961 1
1837.60046 -0.0613 1
1837.60046 -0.31011 1
1837.60046 1.41193 1
1837.60107 1.63934 1
1837.60107 1.7929 1
1837.60107 2.04887 -1
1837.60193 1.53138 1
1837.60193 -0.19648 1
1837.60193 -0.07966 1
1837.60193 1.46081 1
1837.60193 1.52351 1
1837.60266 1.69472 1
1837.60266 1.33795 1
1837.60266 1.43637 1
1837.60327 1.50723 1
1837.604 -0.81154 1
1837.604 -0.99887 1
1837.604 1.64039 1
1837.60474 1.39065 1
1837.60474 1.44892 1
1837.60474 -0.08469 1
1837.60474 1.24158 1
1837.60547 1.68356 1
1837.60608 -0.40565 1
1837.60608 0.14486 1
1837.60608 -0.0091 1
1837.60608 -0.34482 1
1837.60693 1.49821 1
1837.60693 1.60936 1
1837.60767 -0.17747 1
1837.60767 1.51049 1
1837.60828 -0.34588 1
1837.60828 -0.50451 1
1837.60901 1.12646 1
1837.60974 -0.34232 1
1837.60974 1.76494 1
1837.60974 1.66807 1
1837.60974 1.49751 1
1837.60974 -17.25918 -1
1837.61035 1.40864 1
1837.61035 1.44368 1
1837.61035 1.58495 1
1837.61035 1.57555 1
1837.61035 1.75834 1
1837.61108 0.18011 1
1837.61182 1.46265 1
1837.61182 1.3369 1
1837.61182 1.54565 1
1837.61255 1.42064 1
1837.61255 -0.29489 1
1837.61255 1.48634 1
1837.61255 -7.60895 -1
1837.61255 1.51524 1
1837.61255 -0.22929 1
1837.61328 3.26E-4 1
1837.61328 1.5591 1
1837.61328 1.60015 1
1837.61401 1.44773 1
1837.61401 -0.33168 1
1837.61475 1.768 1
1837.61536 -0.64289 1
1837.61536 1.40513 1
1837.61536 -0.4398 1
1837.61536 -0.63107 1
1837.61536 -0.6333 1
1837.61536 1.4032 1
1837.61536 1.59525 1
1837.61609 0.03612 1
1837.61609 1.62434 1
1837.61682 1.74596 1
1837.61682 1.63492 1
1837.61755 -0.05154 1
1837.61755 -0.31527 1
1837.61755 1.55436 1
1837.61829 -0.28777 1
1837.61829 1.18441 1
1837.61902 -0.40353 1
1837.61963 -0.33601 1
1837.62036 -0.18019 1
1837.62036 -0.48759 1
1837.62036 1.76391 1
1837.62109 -0.31263 1
1837.62109 -0.45456 1
1837.62109 1.55287 1
1837.62109 -0.36978 1
1837.62109 -0.42526 1
1837.62109 -0.75006 1
1837.6217 -0.53633 1
1837.62256 1.4571 1
1837.62256 1.96199 1
1837.62256 1.49515 1
1837.62256 1.56092 1
1837.62329 1.57012 1
1837.62329 -0.25753 1
1837.62402 -3.74971 -1
1837.62402 -0.22744 1
1837.62402 1.57148 1
1837.62402 -0.0683 1
1837.62402 -0.21269 1
1837.62463 1.85447 1
1837.62463 1.44632 1
1837.62537 -0.24348 1
1837.62537 1.52126 1
1837.62537 -0.18986 1
1837.62537 -0.9091 1
1837.62537 -0.24295 1
1837.6261 -0.32009 1
1837.6261 -0.04352 1
1837.6261 -9.13313 -1
1837.62671 -0.15707 1
1837.62671 -0.26413 1
1837.62671 -0.1359 1
1837.6283 1.57545 1
1837.62891 18.77395 -1
1837.62891 -0.28327 1
1837.62891 -7.38775 -1
1837.62964 -0.35859 1
1837.62964 1.71807 1
1837.62964 1.29626 1
1837.62964 1.57227 1
1837.62964 -0.46835 1
1837.63037 -0.27551 1
1837.63245 -0.39252 1
1837.63245 -0.39878 1
1837.63245 8.05007 -1
1837.63318 -0.29237 1
1837.63318 1.86888 1
1837.63318 -0.20665 1
1837.63391 1.72006 1
1837.63391 -7.57101 -1
1837.63391 1.98538 1
1837.63391 -0.29408 1
1837.63391 1.50781 1
1837.63391 1.69928 1
1837.63464 -0.31209 1
1837.63464 1.56606 1
1837.63464 -0.00977 1
1837.63464 -0.35707 1
1837.63538 1.44573 1
1837.63538 1.67445 1
1837.63538 -0.22793 1
1837.63599 1.52052 1
1837.63599 -0.16778 1
1837.63599 0.06542 1
1837.63599 -7.23681 -1
1837.63599 1.68201 1
1837.63672 -0.2119 1
1837.63672 -0.33056 1
1837.63672 -0.22488 1
1837.63672 1.34709 1
1837.63672 1.54682 1
1837.63672 0.02614 1
1837.63672 1.73133 1
1837.63672 -0.18722 1
1837.63672 1.70962 1
1837.63672 0.21473 1
1837.63672 -0.42795 1
1837.63745 -0.15162 1
1837.63745 1.6283 1
1837.63745 0.06063 1
1837.63745 -0.12553 1
1837.63745 -0.36335 1
1837.63818 1.71638 1
1837.63818 -0.54558 1
1837.63818 1.54733 1
1837.63818 -0.20958 1
1837.63892 0.02585 1
1837.63892 -0.22837 1
1837.63965 0.06256 1
1837.63965 -0.28459 1
1837.63965 0.05364 1
1837.63965 1.64527 1
1837.64026 1.5948 1
1837.64026 1.39272 1
1837.64026 0.02962 1
1837.64026 1.48123 1
1837.64099 -0.3706 1
1837.64099 -0.21709 1
1837.64099 -0.42992 1
1837.64099 1.37822 1
1837.64099 1.74968 1
1837.64099 1.69532 1
1837.64172 1.56351 1
1837.64172 1.49606 1
1837.64172 -0.19825 1
1837.64172 1.34452 1
1837.64172 -21.4394 -1
1837.64233 0.01365 1
1837.64233 -0.27325 1
1837.64233 -0.22783 1
1837.64233 1.52754 1
1837.64233 1.57595 1
1837.64307 -4.10708 -1
1837.64307 1.22224 1
1837.64307 -0.47882 1
1837.64307 1.53102 1
1837.64392 -0.14574 1
1837.64392 -0.33178 1
1837.64392 -0.11204 1
1837.64465 -0.14136 1
1837.64465 1.36221 1
1837.64465 1.7092 1
1837.64465 -15.40078 -1
1837.64526 -0.31611 1
1837.64526 1.69959 1
1837.646 1.48331 1
1837.646 1.48347 1
1837.64673 -0.39348 1
1837.64734 1.48356 1
1837.64734 1.81077 1
1837.64734 1.56582 1
1837.64734 1.63498 1
1837.64734 -0.65939 1
1837.64807 1.53599 1
1837.64807 1.68026 1
1837.64893 -0.20719 1
1837.64954 -0.25058 1
1837.64954 0.01567 1
1837.64954 -0.32449 1
1837.64954 -0.05359 1
1837.65027 -0.10101 1
1837.65027 1.58986 1
1837.65027 -0.08978 1
1837.651 0.16851 1
1837.651 -0.46843 1
1837.651 -0.34881 1
1837.65161 1.57573 1
1837.65161 -0.23444 1
1837.65161 1.73751 1
1837.65234 0.01015 1
1837.65234 -0.30406 1
1837.65234 1.54742 1
1837.65234 0.2044 1
1837.65234 0.02798 1
1837.65308 1.52073 1
1837.65308 -0.16747 1
1837.65308 1.44524 1
1837.65308 0.07798 1
1837.65308 1.62635 1
1837.65308 1.64207 1
1837.65381 -0.23072 1
1837.65381 1.46969 1
1837.65381 0.05913 1
1837.65454 -0.03924 1
1837.65454 -3.19175 -1
1837.65454 -0.23118 1
1837.65454 -0.14843 1
1837.65527 0.02445 1
1837.65527 6.61824 -1
1837.65527 0.03589 1
1837.65527 1.41342 1
1837.65527 1.52115 1
1837.65527 0.14016 1
1837.65527 -0.22432 1
1837.65527 -0.09555 1
1837.65527 1.29715 1
1837.65601 0.20203 1
1837.65601 -0.34794 1
1837.65662 1.78569 1
1837.65662 1.42762 1
1837.65662 1.45655 1
1837.65662 -3.87216 -1
1837.65662 -0.56399 1
1837.65662 0.29744 1
1837.65662 -5.20639 -1
1837.65662 -0.20176 1
1837.65662 1.54075 1
1837.65735 -6.05535 1
1837.65735 0.08265 1
1837.65735 -6.90079 1
1837.65735 1.69132 1
1837.65808 1.69668 1
1837.65808 -0.26929 1
1837.65808 1.82795 1
1837.65808 0.04284 1
1837.65808 1.53115 1
1837.65869 -0.08152 1
1837.65955 -0.03945 1
1837.65955 10.88554 -1
1837.65955 1.76372 1
1837.66028 1.63902 1
1837.66028 -0.07668 1
1837.66028 0.07733 1
1837.66028 -0.37478 1
1837.66162 1.5561 1
1837.66162 1.24744 1
1837.66162 0.02374 1
1837.66235 7.75E-4 1
1837.66235 1.3748 1
1837.66296 -0.05381 1
1837.66296 1.50837 1
1837.66296 1.67664 1
1837.66296 -0.1972 1
1837.66296 1.6595 1
1837.6637 1.85806 1
1837.6637 1.52107 1
1837.6637 -0.20734 1
1837.6637 -0.11635 1
1837.66455 0.07674 1
1837.66455 1.75548 1
1837.66455 -0.0693 1
1837.66455 1.48429 1
1837.66528 0.13195 1
1837.66528 1.56828 1
1837.66528 -1.2774 1
1837.66589 -0.17734 1
1837.66589 -0.02321 1
1837.66589 -9.328 -1
1837.66663 -0.08088 1
1837.66663 14.01293 -1
1837.66663 1.57984 1
1837.66663 -0.08371 1
1837.66663 0.15168 1
1837.66663 1.58758 1
1837.66736 1.54652 1
1837.66736 0.88702 1
1837.66736 0.14548 1
1837.66797 -0.23053 1
1837.66797 1.66839 1
1837.6687 1.60113 1
1837.6687 1.69605 1
1837.66956 -0.00947 1
1837.67017 21.7195 -1
1837.67017 1.7766 1
1837.67017 1.54487 1
1837.67017 1.7826 1
1837.67017 -0.03007 1
1837.6709 0.04129 1
1837.6709 -0.04162 1
1837.6709 1.50706 1
1837.67163 0.15893 1
1837.67163 1.59401 1
1837.67224 -0.13964 1
1837.67224 0.17334 1
1837.67224 -6.3642 1
1837.67224 0.13609 1
1837.67297 1.74681 1
1837.67297 -1.23124 1
1837.67297 1.7912 1
1837.67371 1.6186 1
1837.67371 -0.15147 1
1837.67371 1.56067 1
1837.67456 18.85333 -1
1837.67456 1.58261 1
1837.67456 0.10363 1
1837.67456 1.5082 1
1837.67456 0.05 1
1837.67517 0.04106 1
1837.67517 -0.00336 1
1837.6759 -3.92967 1
1837.6759 1.31194 1
1837.6759 -0.04575 1
1837.6759 1.54878 1
1837.67664 0.00932 1
1837.67664 0.02216 1
1837.67664 1.47175 1
1837.67664 1.52356 1
1837.67725 -0.114 1
1837.67725 1.54192 1
1837.67798 1.41237 1
1837.67871 1.69831 1
1837.67871 -12.28123 -1
1837.67932 21.96449 -1
1837.67932 1.64617 1
1837.67932 0.21858 1
1837.67932 1.64157 1
1837.67932 -0.13217 1
1837.68018 -3.77807 1
1837.68018 -0.16304 1
1837.68091 1.53873 1
1837.68091 1.62353 1
1837.68091 -8.48322 1
1837.68091 -23.15803 -1
1837.68152 1.55373 1
1837.68152 1.29246 1
1837.68225 0.86901 1
1837.68225 1.6581 1
1837.68298 -0.11819 1
1837.68298 1.50058 1
1837.68298 -8.42187 1
1837.68359 -0.30609 1
1837.68433 -2.18232 1
1837.68433 -1.48076 1
1837.68433 -0.08011 1
1837.68518 1.69338 1
1837.68518 -0.06054 1
1837.68591 1.69349 1
1837.68591 1.21256 1
1837.68652 -0.17922 1
1837.68726 -0.2291 1
1837.68726 -0.1641 1
1837.68726 0.02432 1
1837.68726 1.49392 1
1837.68799 0.00595 1
1837.68799 -0.11866 1
1837.6886 -0.03738 1
1837.68933 1.61766 1
1837.68933 1.56961 1
1837.68933 -0.04841 1
1837.68933 -0.04087 1
1837.68933 -0.35949 1
1837.68933 0.04172 1
1837.69019 1.70677 1
1837.69019 0.1789 1
1837.69019 0.05589 1
1837.69019 -0.07104 1
1837.69019 -0.13921 1
1837.6908 21.21137 -1
1837.6908 -0.01968 1
1837.6908 -0.1035 1
1837.6908 -3.7098 1
1837.69153 1.65354 1
1837.69153 -0.21857 1
1837.69153 1.52373 1
1837.69153 1.18066 1
1837.69226 -0.13773 1
1837.69226 0.02463 1
1837.69287 1.59788 1
1837.69287 0.03783 1
1837.69287 -0.09712 1
1837.69434 1.63527 1
1837.69434 1.83943 1
1837.69434 1.44627 1
1837.69434 0.06312 1
1837.69434 -0.04387 1
1837.69507 1.61054 1
1837.69507 1.55758 1
1837.69653 1.26263 1
1837.69653 0.12778 1
1837.69653 -0.12085 1
1837.69727 1.83341 1
1837.69727 -0.21604 1
1837.69727 1.83059 1
1837.69788 8.81734 -1
1837.69788 11.7778 -1
1837.69788 0.03551 1
1837.69861 -4.28007 1
1837.69934 -1.41122 1
1837.69934 -10.8087 1
1837.69995 1.8727 1
1837.69995 0.08417 1
1837.69995 1.61429 1
1837.69995 -0.37628 1
1837.69995 0.16724 1
1837.70081 -0.20321 1
1837.70081 1.57319 1
1837.70081 0.02177 1
1837.70081 0.12129 1
1837.70215 0.01638 1
1837.70215 -0.01858 1
1837.70288 -0.09716 1
1837.70288 -0.08208 1
1837.70361 1.69855 1
1837.70361 1.70145 1
1837.70361 1.455 1
1837.70422 -0.11861 1
1837.70422 -0.10859 1
1837.70422 5.13149 -1
1837.70422 1.76203 1
1837.70422 1.67434 1
1837.70422 1.63658 1
1837.70496 1.21727 1
1837.70496 -0.04619 1
1837.70496 -0.1651 1
1837.70654 1.73902 1
1837.70654 -0.08803 1
1837.70654 1.36619 1
1837.70654 -22.52433 -1
1837.70715 0.06161 1
1837.70715 0.19212 1
1837.70715 -0.10702 1
1837.70715 -11.31371 1
1837.70715 -8.40633 -1
1837.70789 -0.01128 1
1837.70789 0.10654 1
1837.70789 1.67037 1
1837.70862 0.04585 1
1837.70923 0.21951 1
1837.70923 -0.27497 1
1837.70996 1.47682 1
1837.71069 22.52266 -1
1837.71069 1.65795 1
1837.71069 1.70875 1
1837.71143 1.65896 1
1837.71143 1.59211 1
1837.71216 -4.08358 1
1837.71216 1.82884 1
1837.71216 1.61354 1
1837.71289 -0.01941 1
1837.71289 0.07326 1
1837.7135 1.5742 1
1837.7135 -0.04081 1
1837.7135 0.02775 1
1837.7135 1.62496 1
1837.71423 10.7913 -1
1837.71423 1.64722 1
1837.71497 -3.19281 -1
1837.71497 -0.37598 1
1837.71497 1.39621 1
1837.71497 1.57396 1
1837.7157 0.12663 1
1837.7157 1.48427 1
1837.71643 0.11247 1
1837.71643 0.19838 1
1837.71643 1.13298 1
1837.71643 -0.05178 1
1837.71643 -0.03903 1
1837.71716 1.66785 1
1837.71716 -0.08396 1
1837.71716 1.45745 1
1837.71716 0.12298 1
1837.71716 0.12746 1
1837.7179 -0.11094 1
1837.7179 -5.73733 1
1837.71851 0.16333 1
1837.71851 1.64677 1
1837.71851 0.07996 1
1837.71924 0.07135 1
1837.71924 1.74026 1
1837.71924 -0.00291 1
1837.71997 1.50241 1
1837.71997 0.03616 1
1837.72058 0.10921 1
1837.72058 1.47911 1
1837.72058 -0.09384 1
1837.72058 1.85466 1
1837.72144 0.06194 1
1837.72217 0.02777 1
1837.72217 -0.05678 1
1837.72217 0.02438 1
1837.72351 1.76295 1
1837.72351 -0.35004 1
1837.72351 -0.00507 1
1837.72351 0.16818 1
1837.72424 0.12601 1
1837.72498 0.07963 1
1837.72498 1.76957 1
1837.72498 -0.1122 1
1837.72498 0.13143 1
1837.72559 1.69876 1
1837.72559 -0.26268 1
1837.72559 -0.272 1
1837.72632 1.4317 1
1837.72717 -0.04114 1
1837.72717 -0.02964 1
1837.72778 1.71729 1
1837.72778 -0.32186 1
1837.72852 -0.00194 1
1837.72852 0.07253 1
1837.72925 0.10425 1
1837.72925 -4.04574 1
1837.72925 -0.17266 1
1837.72925 1.51155 1
1837.72986 -8.5248 -1
1837.73059 1.75647 1
1837.73059 -0.276 1
1837.73206 1.60051 1
1837.73279 17.45957 -1
1837.73279 0.13207 1
1837.73279 -0.31025 1
1837.73279 -0.00399 1
1837.73352 0.05808 1
1837.73352 -0.03416 1
1837.73352 1.34702 1
1837.73352 -2.76535 1
1837.73413 -2.96734 1
1837.73413 0.036 1
1837.73413 1.55898 1
1837.73486 1.57942 1
1837.73486 0.03424 1
1837.73486 -2.70673 1
1837.7356 1.48347 1
1837.7356 -0.20868 1
1837.7356 1.58043 1
1837.7356 8.84262 -1
1837.73633 1.77563 1
1837.73633 4.28342 -1
1837.73706 1.31838 1
1837.73706 1.59785 1
1837.73706 -0.17818 1
1837.73706 1.45403 1
1837.73779 1.30981 1
1837.73779 1.71838 1
1837.73853 1.63344 1
1837.73987 -1.67875 1
1837.73987 0.24517 1
1837.7406 1.59726 1
1837.7406 1.88324 1
1837.7406 1.58933 1
1837.74121 -0.04908 1
1837.74121 0.01502 1
1837.74121 -0.06084 1
1837.74121 1.72899 1
1837.74194 0.03048 1
1837.74194 0.11147 1
1837.74194 1.52106 1
1837.7428 -20.20233 -1
1837.74341 -0.06428 1
1837.74341 0.15756 1
1837.74341 1.64347 1
1837.74341 1.59536 1
1837.74341 1.57625 1
1837.74414 1.72994 1
1837.74414 0.23382 1
1837.74414 0.03326 1
1837.74414 1.31285 1
1837.74414 0.21063 1
1837.74414 1.51601 1
1837.74561 -3.47799 1
1837.74561 -0.05306 1
1837.74561 1.73619 1
1837.74622 0.02938 1
1837.74622 -0.96226 1
1837.74695 -0.13048 1
1837.7478 -0.2709 1
1837.7478 0.01676 1
1837.7478 1.52222 1
1837.74841 0.10095 1
1837.74841 1.76583 1
1837.74915 -0.20076 1
1837.74988 1.39957 1
1837.74988 0.27737 1
1837.74988 1.24282 1
1837.74988 1.57519 1
1837.75049 1.40712 1
1837.75049 0.22702 1
1837.75049 -11.65952 -1
1837.75122 -4.24879 -1
1837.75122 0.13889 1
1837.75122 1.72822 1
1837.75122 1.6113 1
1837.75122 -12.77277 -1
1837.75122 -14.95862 -1
1837.75195 0.05554 1
1837.75269 -0.12194 1
1837.75269 -1.13902 1
1837.75269 0.20706 1
1837.75342 1.64641 1
1837.75415 9.79097 -1
1837.75415 0.00804 1
1837.75476 -2.79991 1
1837.75476 1.34107 1
1837.75549 -0.02364 1
1837.75549 1.61537 1
1837.75549 1.3396 1
1837.75549 -0.33762 1
1837.75549 1.67129 1
1837.75549 -0.02307 1
1837.75549 0.15039 1
1837.75623 0.01769 1
1837.75623 -0.0705 1
1837.75623 0.05669 1
1837.75623 0.10777 1
1837.75696 1.86851 1
1837.75696 0.19647 1
1837.75696 1.53789 1
1837.75696 0.25392 1
1837.75696 -0.2452 1
1837.75757 1.70489 1
1837.75757 1.56562 1
1837.75757 0.2796 1
1837.75842 -0.14773 1
1837.75842 1.22726 1
1837.75842 -0.03201 1
1837.75842 -7.7763 1
1837.75916 -0.04536 1
1837.75916 -5.45736 -1
1837.75916 1.66872 1
1837.75916 0.03755 1
1837.75977 1.21634 1
1837.7605 0.19542 1
1837.7605 0.21644 1
1837.7605 -8.17436 -1
1837.76123 1.49801 1
1837.76123 0.00122 1
1837.76123 -0.17194 1
1837.76184 0.08176 1
1837.76257 1.52717 1
1837.76257 0.17601 1
1837.76257 -0.08648 1
1837.76343 -0.20358 1
1837.76343 1.645 1
1837.76343 1.44587 1
1837.76404 -0.20589 1
1837.76404 0.01181 1
1837.76404 1.44241 1
1837.76404 -0.01639 1
1837.76477 -0.09196 1
1837.76477 0.01592 1
1837.76477 -0.04271 1
1837.76477 1.3011 1
1837.76477 -2.56701 1
1837.7655 0.16818 1
1837.7655 0.12778 1
1837.76624 -0.00336 1
1837.76624 -0.16022 1
1837.76624 -0.10614 1
1837.76685 -0.04761 1
1837.76685 0.06399 1
1837.76685 -0.29494 1
1837.76758 0.17074 1
1837.76758 0.15941 1
1837.76758 -0.02964 1
1837.76843 1.47838 1
1837.76843 -6.77193 1
1837.76843 0.06316 1
1837.76978 1.5007 1
1837.76978 1.48208 1
1837.76978 1.41646 1
1837.76978 1.56424 1
1837.76978 0.11872 1
1837.77051 -2.12897 1
1837.77112 1.39902 1
1837.77112 1.59374 1
1837.77185 1.27408 1
1837.77258 0.04706 1
1837.77258 1.64275 1
1837.77319 0.16539 1
1837.77319 0.08541 1
1837.77319 1.62431 1
1837.77319 -0.11712 1
1837.77319 1.55874 1
1837.77319 0.05981 1
1837.77319 0.09024 1
1837.77405 0.06584 1
1837.77405 1.56674 1
1837.77405 0.20082 1
1837.77405 0.16423 1
1837.77478 0.07973 1
1837.77478 -0.16343 1
1837.77478 1.55932 1
1837.77551 0.01544 1
1837.77551 1.50209 1
1837.77551 -0.1686 1
1837.77551 1.72864 1
1837.77551 0.01651 1
1837.77551 1.22888 1
1837.77612 0.17916 1
1837.77612 0.0878 1
1837.77612 1.46268 1
1837.77612 1.58174 1
1837.77686 -1.89328 1
1837.77686 1.59551 1
1837.77759 -0.00427 1
1837.77759 1.75438 1
1837.77759 0.21208 1
1837.7782 -0.04875 1
1837.7782 1.57337 1
1837.7782 0.12632 1
1837.77905 0.02396 1
1837.77905 0.19221 1
1837.77905 1.41893 1
1837.77905 0.12561 1
1837.77905 0.12664 1
1837.77905 1.48479 1
1837.77979 0.13423 1
1837.77979 1.84754 1
1837.77979 1.56412 1
1837.77979 -6.19633 -1
1837.77979 1.60794 1
1837.7804 0.11726 1
1837.7804 0.1925 1
1837.7804 0.16408 1
1837.78113 -0.05286 1
1837.78113 1.28659 1
1837.78186 1.57541 1
1837.78186 0.11496 1
1837.78247 20.04369 -1
1837.78247 1.68922 1
1837.78247 1.48125 1
1837.78247 1.35026 1
1837.78247 1.51465 1
1837.78247 1.51661 1
1837.7832 0.13423 1
1837.7832 1.5567 1
1837.7832 0.00998 1
1837.78406 0.03767 1
1837.78406 1.29863 1
1837.78406 1.51261 1
1837.78406 0.28768 1
1837.78406 0.20933 1
1837.78406 0.19598 1
1837.78467 -4.15016 -1
1837.78467 0.21913 1
1837.78467 1.61856 1
1837.7854 0.11343 1
1837.78613 1.6189 1
1837.78613 1.63913 1
1837.78613 1.52516 1
1837.78613 0.14337 1
1837.78687 0.07686 1
1837.78687 1.74388 1
1837.78687 1.62855 1
1837.78687 0.13883 1
1837.78687 1.34773 1
1837.78687 0.17202 1
1837.78748 0.12258 1
1837.78748 0.00737 1
1837.78748 1.48351 1
1837.78821 17.54635 -1
1837.78821 0.20224 1
1837.78821 0.14427 1
1837.78821 -0.05286 1
1837.78821 0.08542 1
1837.78894 0.13703 1
1837.78894 0.03669 1
1837.78894 1.43506 1
1837.78894 0.24204 1
1837.78967 0.20833 1
1837.78967 1.54224 1
1837.78967 1.4403 1
1837.78967 1.55152 1
1837.79041 0.19496 1
1837.79041 1.74062 1
1837.79041 -19.57943 -1
1837.79114 -0.03398 1
1837.79114 1.42369 1
1837.79114 1.64605 1
1837.79114 0.27511 1
1837.79175 1.43881 1
1837.79175 -0.00755 1
1837.79175 1.5481 1
1837.79175 1.60432 1
1837.79175 0.18437 1
1837.79175 0.13091 1
1837.79248 1.39374 1
1837.79248 0.01813 1
1837.79248 0.2148 1
1837.79321 1.49016 1
1837.79321 0.39257 1
1837.79321 1.33222 1
1837.79321 1.56123 1
1837.79382 -0.33983 1
1837.79382 0.15002 1
1837.79468 1.46302 1
1837.79468 0.25083 1
1837.79468 1.54185 1
1837.79468 0.21388 1
1837.79468 1.31156 1
1837.79541 20.9195 -1
1837.79541 19.53 -1
1837.79541 1.53502 1
1837.79541 0.41978 1
1837.79541 0.08893 1
1837.79541 0.23968 1
1837.79614 0.31387 1
1837.79614 0.1193 1
1837.79614 0.29707 1
1837.79614 0.21437 1
1837.79614 0.0276 1
1837.79614 1.38011 1
1837.79614 1.55352 1
1837.79614 1.48407 1
1837.79675 0.17852 1
1837.79675 1.47695 1
1837.79675 0.60108 1
1837.79675 -1.86964 1
1837.79675 1.46361 1
1837.79675 1.5764 1
1837.79675 1.41549 1
1837.79749 0.09966 1
1837.79749 0.15165 1
1837.79749 1.56172 1
1837.79822 0.24004 1
1837.79822 1.35924 1
1837.79822 0.09756 1
1837.79822 0.26544 1
1837.79883 1.53127 1
1837.79883 0.32309 1
1837.79968 0.26112 1
1837.79968 1.92918 1
1837.79968 -5.26866 -1
1837.79968 1.63247 1
1837.80042 -0.02 1
1837.80042 -0.41299 1
1837.80042 1.48387 1
1837.80042 -22.08665 -1
1837.80103 1.28233 1
1837.80103 -0.03665 1
1837.80103 0.16836 1
1837.80176 1.41569 1
1837.80176 1.66811 1
1837.80176 -0.17334 1
1837.80176 0.07472 1
1837.80249 0.05692 1
1837.80249 0.09701 1
1837.80249 -12.85639 -1
1837.8031 0.1158 1
1837.8031 0.01254 1
1837.8031 1.61352 1
1837.80383 0.08421 1
1837.80383 1.6405 1
1837.80383 1.32532 1
1837.80383 -0.73066 1
1837.80457 0.05893 1
1837.80457 1.79627 1
1837.80457 -0.36625 1
1837.80457 0.0437 1
1837.80457 0.12368 1
1837.80457 1.34856 1
1837.80457 0.07155 1
1837.8053 13.23079 -1
1837.8053 4.19197 -1
1837.80603 0.15256 1
1837.80603 -0.01576 1
1837.80603 0.01759 1
1837.80676 0.06421 1
1837.80676 16.091 -1
1837.80676 -0.1538 1
1837.80676 1.68652 1
1837.80676 0.24332 1
1837.80676 0.13428 1
1837.80676 1.60644 1
1837.8075 0.12814 1
1837.8075 1.58102 1
1837.8075 1.65747 1
1837.80811 0.01014 1
1837.80884 0.15609 1
1837.80957 1.58559 1
1837.80957 1.43566 1
1837.80957 1.29089 1
1837.80957 0.08098 1
1837.8103 1.51666 1
1837.8103 -0.05915 1
1837.8103 1.72383 1
1837.81104 0.23692 1
1837.81104 1.63067 1
1837.81104 0.23085 1
1837.81177 17.36675 -1
1837.81177 0.15727 1
1837.81177 1.66336 1
1837.81177 1.40756 1
1837.81177 0.04955 1
1837.81177 -0.01353 1
1837.81238 -4.70045 -1
1837.81238 0.20452 1
1837.81238 0.03059 1
1837.81238 1.97409 1
1837.81238 1.69147 1
1837.81311 -0.31713 1
1837.81311 0.26802 1
1837.81311 0.05908 1
1837.81311 1.33686 1
1837.81384 -0.02046 1
1837.81384 1.54438 1
1837.81445 0.14697 1
1837.81445 0.1026 1
1837.81531 0.1232 1
1837.81531 1.54616 1
1837.81604 17.95957 -1
1837.81604 -1.01994 1
1837.81604 -0.2689 1
1837.81677 0.16178 1
1837.81677 1.56276 1
1837.81677 1.64979 1
1837.81738 0.27404 1
1837.81738 -0.22667 1
1837.81738 -0.123 1
1837.81738 0.18051 1
1837.81738 0.08961 1
1837.81812 1.39507 1
1837.81812 0.2553 1
1837.81812 1.14796 1
1837.81885 0.20213 1
1837.81946 1.50198 1
1837.81946 0.1843 1
1837.81946 1.59727 1
1837.81946 -0.00878 1
1837.82019 1.53488 1
1837.82104 -0.01183 1
1837.82104 -0.23017 1
1837.82104 0.4438 1
1837.82104 1.44463 1
1837.82166 0.24339 1
1837.82166 1.61477 1
1837.82166 0.09398 1
1837.82239 0.14231 1
1837.82239 -0.22345 1
1837.82239 1.8789 1
1837.82239 -0.01595 1
1837.82239 0.01735 1
1837.82239 -0.23051 1
1837.82239 -0.01445 1
1837.82239 1.61417 1
1837.82312 17.52119 -1
1837.82312 -0.14239 1
1837.82312 0.05262 1
1837.82312 1.52499 1
1837.82312 -2.28546 -1
1837.82373 1.61325 1
1837.82373 0.95518 1
1837.82373 1.37815 1
1837.82446 -0.21879 1
1837.82446 0.0773 1
1837.82446 1.48896 1
1837.8252 1.33605 1
1837.82605 1.50536 1
1837.82605 -0.0757 1
1837.82605 1.54186 1
1837.82605 1.58551 1
1837.82605 0.03729 1
1837.82666 -0.03901 1
1837.82666 1.3817 1
1837.82666 1.43856 1
1837.82666 3.00864 -1
1837.82739 1.5904 1
1837.82739 -4.26721 -1
1837.82739 -0.19883 1
1837.82739 1.62734 1
1837.82739 1.27882 1
1837.82739 1.55262 1
1837.82739 0.16041 1
1837.82739 1.46332 1
1837.82739 0.14182 1
1837.82739 1.52549 1
1837.82813 -0.18352 1
1837.82813 1.46018 1
1837.82813 -0.11679 1
1837.82874 1.39689 1
1837.82874 1.57902 1
1837.82874 0.24083 1
1837.82874 1.55545 1
1837.82874 1.52E-4 1
1837.82874 1.38068 1
1837.82874 1.64516 1
1837.82947 -0.14531 1
1837.82947 1.61253 1
1837.82947 -0.19675 1
1837.8302 -1.56119 1
1837.8302 1.53313 1
1837.8302 1.49921 1
1837.8302 0.12683 1
1837.8302 0.10363 1
1837.8302 1.43937 1
1837.8302 7.46123 -1
1837.83093 1.95542 1
1837.83093 0.02908 1
1837.83093 0.19087 1
1837.83093 1.48117 1
1837.83093 0.18814 1
1837.83093 -18.99976 -1
1837.83167 0.06736 1
1837.83167 0.10048 1
1837.83167 1.91144 1
1837.83167 0.14326 1
1837.83167 1.36121 1
1837.8324 -0.06281 1
1837.8324 0.01176 1
1837.8324 1.07518 1
1837.83301 0.17901 1
1837.83374 -0.01494 1
1837.83374 -0.02866 1
1837.83374 1.62068 1
1837.83447 1.63543 1
1837.83447 0.00341 1
1837.83447 0.02498 1
1837.83447 1.50151 1
1837.83447 8.52064 -1
1837.83447 0.08963 1
1837.83508 1.83519 1
1837.83582 -1.30117 1
1837.83582 -0.02491 1
1837.83582 1.37385 1
1837.83667 1.61264 1
1837.8374 1.89908 1
1837.8374 0.056 1
1837.8374 0.06382 1
1837.8374 0.17614 1
1837.83801 0.03252 1
1837.83801 1.38463 1
1837.83875 -0.0803 1
1837.83875 -0.00714 1
1837.83875 1.57425 1
1837.83875 1.61719 1
1837.83948 1.37829 1
1837.84009 1.64694 1
1837.84082 0.02893 1
1837.84082 0.21356 1
1837.84167 1.53404 1
1837.84167 1.56673 1
1837.84167 -0.01001 1
1837.84229 1.54846 1
1837.84229 1.48373 1
1837.84229 1.54716 1
1837.84229 0.10341 1
1837.84302 0.0518 1
1837.84302 1.45942 1
1837.84302 1.19604 1
1837.84302 -0.09669 1
1837.84302 1.56866 1
1837.84375 -0.11519 1
1837.84375 1.55437 1
1837.84436 -0.13781 1
1837.84436 1.64683 1
1837.84436 0.21147 1
1837.84436 0.03357 1
1837.84509 1.32938 1
1837.84509 -0.85113 1
1837.84509 0.04147 1
1837.84509 1.35087 1
1837.84583 0.25343 1
1837.84583 0.25185 1
1837.84668 0.1073 1
1837.84668 -0.13314 1
1837.84729 0.10736 1
1837.84729 0.22782 1
1837.84729 1.9577 1
1837.84802 -0.13884 1
1837.84802 1.66709 1
1837.84802 -0.00325 1
1837.84802 1.66572 1
1837.84802 -9.00461 -1
1837.84875 -2.01578 1
1837.84875 1.62377 1
1837.84875 1.42031 1
1837.84875 0.22453 1
1837.84937 1.41037 1
1837.84937 -2.36955 1
1837.84937 1.07264 1
1837.84937 1.58618 1
1837.84937 0.27135 1
1837.8501 0.32328 1
1837.85083 1.48851 1
1837.85083 -2.02935 1
1837.85083 1.90948 1
1837.85144 0.3283 1
1837.85144 0.19442 1
1837.85144 1.68879 1
1837.85229 0.13335 1
1837.85229 1.34105 1
1837.85229 0.21128 1
1837.85229 0.31705 1
1837.85303 1.68835 1
1837.85303 -0.02495 1
1837.85303 -0.00757 1
1837.85364 -0.0013 1
1837.85364 0.19761 1
1837.85364 1.48543 1
1837.85437 1.68305 1
1837.85437 -1.57293 1
1837.85437 0.12043 1
1837.85437 1.73755 1
1837.8551 0.15513 1
1837.8551 1.60851 1
1837.8551 0.17629 1
1837.85571 0.03157 1
1837.85571 -0.01906 1
1837.85571 1.19063 1
1837.85645 0.20918 1
1837.85645 1.71916 1
1837.85645 1.52638 1
1837.85645 -11.65242 -1
1837.8573 -0.06721 1
1837.8573 0.45066 1
1837.8573 0.22536 1
1837.85803 1.86662 1
1837.85803 0.28081 1
1837.85803 1.69943 1
1837.85803 1.47393 1
1837.85803 1.48741 1
1837.85803 -20.58201 -1
1837.85864 0.21092 1
1837.85864 -0.20764 1
1837.85864 1.51932 1
1837.85864 0.24829 1
1837.85864 -0.38744 1
1837.85864 0.247 1
1837.85864 1.72098 1
1837.85938 0.29274 1
1837.85938 1.67023 1
1837.85938 0.05341 1
1837.85938 1.47758 1
1837.85938 0.12829 1
1837.85938 1.48794 1
1837.86011 0.23497 1
1837.86011 1.49222 1
1837.86072 1.64284 1
1837.86072 1.53545 1
1837.86145 1.70605 1
1837.86145 -0.38903 1
1837.8623 1.68705 1
1837.8623 1.63787 1
1837.86292 0.21117 1
1837.86292 1.50166 1
1837.86365 -0.52052 1
1837.86365 -0.2627 1
1837.86365 0.11363 1
1837.86365 0.33087 1
1837.86365 -13.74418 -1
1837.86438 1.71357 1
1837.86499 0.43205 1
1837.86499 1.71064 1
1837.86499 -15.14235 1
1837.86572 1.62888 1
1837.86572 0.13135 1
1837.86646 1.6061 1
1837.86646 1.48163 1
1837.86646 -0.12538 1
1837.86792 0.21142 1
1837.86792 0.02993 1
1837.86792 1.86219 1
1837.86865 1.68094 1
1837.86865 -15.91729 1
1837.86938 1.78106 1
1837.86938 0.10383 1
1837.87 0.24399 1
1837.87073 19.11204 -1
1837.87073 -0.55349 1
1837.87073 -2.74304 -1
1837.87073 0.40543 1
1837.87073 0.07015 1
1837.87073 1.40802 1
1837.87146 1.6486 1
1837.87146 0.25389 1
1837.87207 1.48812 1
1837.87207 1.3536 1
1837.87207 0.08037 1
1837.87292 1.5973 1
1837.87366 1.59857 1
1837.87366 1.46204 1
1837.87366 1.6257 1
1837.87427 1.72874 1
1837.87427 1.77433 1
1837.875 1.63745 1
1837.875 1.30322 1
1837.875 0.03551 1
1837.875 0.26544 1
1837.875 0.21369 1
1837.87573 1.70906 1
1837.87646 0.35251 1
1837.87708 1.40682 1
1837.87708 1.57522 1
1837.87708 1.53776 1
1837.87793 0.0321 1
1837.87793 1.48666 1
1837.87793 -6.05536 -1
1837.87866 0.32615 1
1837.87866 1.31515 1
1837.87927 -3.39572 -1
1837.87927 -0.85922 1
1837.87927 1.7026 1
1837.87927 -13.59898 -1
1837.88 1.58465 1
1837.88 0.20298 1
1837.88 0.27251 1
1837.88135 0.24538 1
1837.88135 0.25106 1
1837.88208 0.15251 1
1837.88208 0.22992 1
1837.88293 0.34823 1
1837.88293 1.77201 1
1837.88293 0.19246 1
1837.88293 1.48448 1
1837.88293 -0.26309 1
1837.88354 0.32162 1
1837.88354 1.99571 1
1837.88428 1.61433 1
1837.88428 1.66801 1
1837.88428 1.35577 1
1837.88501 1.67341 1
1837.88501 1.25155 1
1837.88501 1.74148 1
1837.88501 -0.34872 1
1837.88562 0.43148 1
1837.88635 0.28334 1
1837.88708 1.82408 1
1837.88782 1.79682 1
1837.88855 0.19391 1
1837.88855 0.12505 1
1837.88928 1.43016 1
1837.88928 0.89445 1
1837.88928 -1.80117 1
1837.89001 0.3587 1
1837.89063 0.2491 1
1837.89209 0.23013 1
1837.89355 1.15325 1
1837.89355 0.39042 1
1837.89355 1.68358 1
1837.89429 0.00724 1
1837.8949 -0.01141 1
1837.8949 0.57354 1
1837.8949 0.24654 1
1837.89563 1.63652 1
1837.89563 1.65485 1
1837.89563 1.72358 1
1837.89563 1.64648 1
1837.89709 1.42908 1
1837.89709 15.00718 -1
1837.89709 -0.02859 1
1837.89709 -0.54888 1
1837.89771 1.66126 1
1837.89771 1.65338 1
1837.89771 1.74227 1
1837.89771 1.45908 1
1837.89771 -0.06368 1
1837.89856 1.83112 1
1837.8999 1.4471 1
1837.90063 1.55165 1
1837.90137 -0.4168 1
1837.90137 1.68384 1
1837.90137 1.6256 1
1837.90137 1.71127 1
1837.90137 -8.33264 -1
1837.90198 0.2651 1
1837.90198 1.72127 1
1837.90271 0.17397 1
1837.90271 1.63555 1
1837.90271 1.54709 1
1837.90271 1.44378 1
1837.90344 1.52832 1
1837.90344 1.44113 1
1837.90417 1.52816 1
1837.90417 0.34408 1
1837.90417 1.68644 1
1837.90417 0.41302 1
1837.90491 -0.38126 1
1837.90491 6.63788 -1
1837.90564 -0.00278 1
1837.90625 1.85213 1
1837.90625 -1.01053 1
1837.90625 1.57645 1
1837.90625 1.6935 1
1837.90698 0.41658 1
1837.90698 1.74468 1
1837.90771 21.90272 -1
1837.90771 1.592 1
1837.90771 0.37335 1
1837.90845 1.45502 1
1837.90845 1.53778 1
1837.90845 1.71252 1
1837.90991 1.61148 1
1837.90991 1.73915 1
1837.91064 1.41396 1
1837.91064 1.44539 1
1837.91125 0.37204 1
1837.91125 1.48855 1
1837.91125 0.30223 1
1837.91125 1.62588 1
1837.91125 0.32915 1
1837.91199 1.64989 1
1837.91199 0.24553 1
1837.91272 1.72056 1
1837.91333 0.13282 1
1837.91333 1.5945 1
1837.91333 1.71677 1
1837.91333 1.67602 1
1837.91418 1.62303 1
1837.91418 0.34991 1
1837.91626 1.59747 1
1837.91699 1.63655 1
1837.91699 1.64866 1
1837.91772 1.48477 1
1837.91772 0.35464 1
1837.91833 0.23326 1
1837.91833 1.25949 1
1837.91907 15.1815 -1
1837.91907 0.2656 1
1837.91907 0.26377 1
1837.92053 -3.60519 1
1837.92053 1.19783 1
1837.92126 -3.76732 1
1837.922 -3.42954 1
1837.922 -0.04621 1
1837.922 -3.64306 1
1837.922 -1.52838 1
1837.922 -3.8774 1
1837.922 -0.64629 1
1837.922 -3.47745 1
1837.92261 1.48205 1
1837.92334 1.56088 1
1837.92407 1.71159 1
1837.92407 1.72417 1
1837.9248 0.10707 1
1837.9248 1.51774 1
1837.9248 1.49281 1
1837.9248 -0.20843 1
1837.92554 1.53129 1
1837.92627 -0.22243 1
1837.92627 1.57717 1
1837.92627 -3.60551 1
1837.927 1.5318 1
1837.927 1.50477 1
1837.927 5.60383 -1
1837.927 -0.16076 1
1837.927 -3.69005 1
1837.927 1.42891 1
1837.92761 1.41915 1
1837.92761 1.47491 1
1837.92834 1.73429 1
1837.92834 -0.194 1
1837.92908 1.50811 1
1837.92908 -2.02169 1
1837.92981 1.75337 1
1837.93054 1.44077 1
1837.93127 1.50064 1
1837.93188 1.43269 1
1837.93188 1.47593 1
1837.93262 -0.45679 1
1837.93262 1.68425 1
1837.93262 -2.1563 1
1837.93262 1.55381 1
1837.93262 -14.62442 -1
1837.93335 -0.76394 1
1837.93335 1.69723 1
1837.93335 1.66459 1
1837.93469 -2.03897 1
1837.93555 1.63395 1
1837.93555 1.55855 1
1837.93555 -1.57818 1
1837.93616 -1.88761 1
1837.93616 1.68097 1
1837.93616 -2.41455 1
1837.93689 1.70045 1
1837.93689 -2.67247 1
1837.93689 1.68653 1
1837.93689 -3.73431 1
1837.93689 1.5257 1
1837.93762 1.54524 1
1837.93896 1.79232 1
1837.93896 1.54252 1
1837.94055 1.35102 1
1837.94116 1.69195 1
1837.94116 1.74368 1
1837.94189 1.47432 1
1837.94189 1.4591 1
1837.94189 1.594 1
1837.94189 -4.00959 1
1837.94189 -2.7867 1
1837.94189 1.39203 1
1837.94263 1.36068 1
1837.94263 9.24852 -1
1837.94324 1.63198 1
1837.94324 -1.94294 1
1837.94397 -2.4408 1
1837.94397 1.56794 1
1837.9447 1.51373 1
1837.9447 1.63832 1
1837.9447 1.54748 1
1837.94543 1.75427 1
1837.94543 0.82436 1
1837.94617 1.55854 1
1837.9469 -2.7353 1
1837.94763 1.72868 1
1837.94897 1.53351 1
1837.94897 1.51124 1
1837.94971 1.68024 1
1837.94971 1.21775 1
1837.94971 -1.92772 1
1837.94971 -4.12429 1
1837.94971 1.80168 1
1837.95032 -2.48514 1
1837.95117 1.75496 1
1837.9519 -3.11461 1
1837.95251 1.5991 1
1837.95251 1.62769 1
1837.95325 -2.73547 1
1837.95325 1.53302 1
1837.95398 1.6713 1
1837.95398 1.43994 1
1837.95398 1.45033 1
1837.95459 1.6814 1
1837.95459 1.52792 1
1837.95459 -2.11582 1
1837.95532 18.08776 1
1837.95532 -4.2153 1
1837.95532 1.66114 1
1837.95679 1.36463 1
1837.95752 -2.50446 1
1837.95752 -2.49589 1
1837.95752 -5.41668 1
1837.95825 18.13538 1
1837.95825 -5.28723 1
1837.95959 -4.74627 1
1837.95959 1.20858 1
1837.95959 1.58484 1
1837.95959 -5.8475 1
1837.95959 1.66972 1
1837.96033 1.78816 1
1837.96118 1.56945 1
1837.96179 1.56454 1
1837.96252 -5.5616 1
1837.96252 1.76601 1
1837.96252 1.62175 1
1837.96326 1.39797 1
1837.9646 1.36571 1
1837.9646 -3.36334 1
1837.96594 -3.24709 1
1837.96594 1.71083 1
1837.96594 -5.21612 1
1837.9668 1.73113 1
1837.9668 1.57593 1
1837.96753 -3.12322 1
1837.96826 -3.87119 1
1837.96826 -2.986 1
1837.96826 -1.51735 1
1837.96887 -2.97636 1
1837.96887 1.52854 1
1837.9696 -3.52474 1
1837.97095 1.73031 1
1837.97095 -16.60838 1
1837.9718 1.74622 1
1837.9718 -3.4902 1
1837.9718 -3.13059 1
1837.97253 1.45006 1
1837.97314 1.65597 1
1837.97314 1.57703 1
1837.97314 1.72284 1
1837.97314 1.56086 1
1837.97388 1.75054 1
1837.97388 -3.69371 1
1837.97388 -8.01023 -1
1837.97461 1.56456 1
1837.97522 -2.92074 1
1837.97595 19.60584 -1
1837.97595 1.7029 1
1837.97595 -3.12729 1
1837.97595 1.72659 1
1837.97681 18.95988 -1
1837.97681 -5.41025 1
1837.97681 1.64928 1
1837.97681 -3.56397 1
1837.97754 1.62409 1
1837.97815 1.82633 1
1837.97815 -2.997 1
1837.98022 -3.99322 1
1837.98022 -3.14604 1
1837.98096 -3.69484 1
1837.98096 1.71343 1
1837.98096 1.5428 1
1837.98096 1.61878 1
1837.98169 -3.59861 1
1837.98169 -3.62712 1
1837.98169 1.705 1
1837.98169 1.52964 1
1837.98242 1.71818 1
1837.98315 1.58701 1
1837.98389 1.28643 1
1837.9845 -5.00631 1
1837.98596 1.75169 1
1837.98596 -3.70451 1
1837.98657 -3.7555 1
1837.98657 1.54652 1
1837.98743 1.44927 1
1837.98743 1.61228 1
1837.98816 -3.51935 1
1837.98816 -4.07032 1
1837.98816 1.78027 1
1837.98816 -2.80636 1
1837.98816 1.50482 1
1837.9895 1.48557 1
1837.9895 1.663 1
1837.99023 1.54655 1
1837.99023 -3.83363 1
1837.99023 1.3827 1
1837.99097 1.34578 1
1837.99158 1.68555 1
1837.99243 1.68507 1
1837.99243 1.60881 1
1837.99243 -4.54158 1
1837.99316 1.75287 1
1837.99316 1.84064 1
1837.99451 1.4898 1
1837.99451 1.475 1
1837.99524 -4.39786 1
1837.99524 1.79253 1
1837.99524 -4.74907 1
1837.99524 1.77209 1
1837.99524 -18.92932 -1
1837.99658 1.41636 1
1837.99658 1.82896 1
1837.99658 -5.35325 1
1837.99658 1.53958 1
1837.99658 1.6575 1
1837.99817 1.76546 1
1837.99817 1.76014 1
1837.99817 -1.21302 -1
1837.99878 1.73105 1
1837.99951 1.73259 1
1838.00024 1.8039 1
1838.00024 -5.27646 1
1838.00024 1.62277 1
1838.00085 1.17831 1
1838.00085 1.69965 1
1838.00085 -5.05757 1
1838.00085 1.65849 1
1838.00159 -4.80129 1
1838.00232 1.66196 1
1838.00232 1.86639 1
1838.00305 1.5821 1
1838.00305 1.56015 1
1838.00305 1.75074 1
1838.00378 1.50351 1
1838.00378 1.65196 1
1838.00378 3.46942 -1
1838.00378 1.68664 1
1838.00452 -4.65189 1
1838.00452 -4.83287 1
1838.00452 1.53025 1
1838.00452 1.48406 1
1838.00452 7.20968 -1
1838.00452 1.7133 1
1838.00452 1.73521 1
1838.00452 1.65693 1
1838.00513 1.1723 1
1838.00586 1.60236 1
1838.0072 1.45049 1
1838.0072 1.61848 1
1838.00806 -6.39757 -1
1838.00879 -5.81373 1
1838.00879 -5.06156 1
1838.00952 1.60281 1
1838.01013 1.69536 1
1838.01013 1.49571 1
1838.01294 -5.66096 1
1838.01379 -4.49655 -1
1838.01379 1.62645 1
1838.0144 1.45968 1
1838.01514 1.64347 1
1838.01648 1.49712 1
1838.01648 1.69016 1
1838.01648 1.48847 1
1838.01721 1.64726 1
1838.01721 1.68768 1
1838.01721 1.73192 1
1838.01721 -7.8203 1
1838.01794 -6.32876 1
1838.01794 1.70115 1
1838.0188 1.60265 1
1838.0188 1.65924 1
1838.0188 1.6125 1
1838.0188 -7.28925 1
1838.01941 1.76471 1
1838.01941 1.61749 1
1838.01941 1.61727 1
1838.02014 -7.84483 1
1838.02014 1.56431 1
1838.02014 -21.74855 -1
1838.02087 1.63809 1
1838.02295 1.47682 1
1838.02295 1.5607 1
1838.02295 1.51586 1
1838.02368 -6.76366 1
1838.02441 1.56566 1
1838.02441 1.50409 1
1838.02515 1.58356 1
1838.02515 -6.96053 1
1838.02515 -7.3705 1
1838.02576 1.44231 1
1838.02576 -7.26657 1
1838.02649 -7.80632 1
1838.02795 -7.88254 1
1838.02795 11.16891 -1
1838.02856 1.34646 1
1838.02856 1.52544 1
1838.02856 -6.62142 1
1838.02856 1.58923 1
1838.02856 1.39144 1
1838.02856 1.47444 1
1838.02942 -7.22005 1
1838.02942 1.42972 1
1838.02942 1.54551 1
1838.03015 1.42281 1
1838.03076 1.47978 1
1838.03076 1.68823 1
1838.03076 -24.54966 -1
1838.03149 1.57212 1
1838.03149 1.78747 1
1838.03149 -7.83375 1
1838.03284 1.70316 1
1838.03357 1.62086 1
1838.03442 1.77756 1
1838.03442 7.70999 -1
1838.03503 1.68389 1
1838.03503 -25.49541 1
1838.03577 0.37041 1
1838.03577 -7.33264 1
1838.03577 -7.9352 1
1838.03711 1.43094 1
1838.03784 1.85751 1
1838.03857 1.64422 1
1838.03857 1.70247 1
1838.03857 -3.48364 1
1838.03943 1.47536 1
1838.03943 1.38227 1
1838.04004 1.70765 1
1838.04004 -8.85105 1
1838.04077 -9.01161 1
1838.04077 -11.42743 1
1838.0415 0.29945 1
1838.0415 1.57377 1
1838.0415 1.53523 1
1838.0415 -7.30204 1
1838.04211 1.60669 1
1838.04285 1.4665 1
1838.04358 -9.28176 1
1838.04419 1.61197 1
1838.04419 -0.56691 1
1838.04504 -9.67449 1
1838.04578 1.58482 1
1838.04578 1.56414 1
1838.04578 1.46333 1
1838.04639 1.69024 1
1838.04639 1.68599 1
1838.04712 -9.19569 1
1838.04785 1.62868 1
1838.04785 1.48218 1
1838.04919 1.7532 1
1838.04919 1.6442 1
1838.05005 1.50707 1
1838.05078 1.61948 1
1838.05078 1.64605 1
1838.05078 -17.73033 1
1838.05078 -7.95552 1
1838.05139 1.50402 1
1838.05212 1.53748 1
1838.05347 1.32609 1
1838.0542 1.65615 1
1838.0542 1.59329 1
1838.0542 -9.12284 1
1838.0542 -10.27011 1
1838.05505 1.35406 1
1838.05566 10.57158 -1
1838.0564 1.5327 1
1838.0564 -11.08249 1
1838.05713 1.48714 1
1838.05713 1.60254 1
1838.05774 -9.7461 1
1838.05774 -9.87282 1
1838.05847 1.49034 1
1838.0592 1.23616 1
1838.0592 -9.67576 1
1838.06067 1.55404 1
1838.0614 4.59514 -1
1838.0614 1.53601 1
1838.06213 5.28563 -1
1838.06213 -9.80009 1
1838.06274 1.63603 1
1838.06274 -9.74944 1
1838.06274 -10.33398 1
1838.06348 1.45729 1
1838.06348 -9.6979 1
1838.06348 -12.52749 1
1838.06421 1.38862 1
1838.06482 1.5494 1
1838.06482 1.50722 1
1838.06482 -8.47698 1
1838.06482 -10.11429 1
1838.06567 1.48049 1
1838.06567 1.60159 1
1838.06567 1.64742 1
1838.06641 -0.94481 -1
1838.06641 1.56016 1
1838.06641 1.38201 1
1838.06702 1.13231 1
1838.06702 1.57427 1
1838.06848 1.38444 1
1838.06848 1.62464 1
1838.06848 1.54182 1
1838.06848 -12.65534 1
1838.06921 1.38915 1
1838.06982 1.4053 1
1838.07068 1.4369 1
1838.07141 1.51124 1
1838.07141 -13.65174 1
1838.07202 1.62297 1
1838.07275 1.62518 1
1838.07349 1.57572 1
1838.07349 -13.54094 1
1838.07349 -13.62759 1
1838.07349 -20.58323 1
1838.0741 1.8052 1
1838.07483 -5.58182 1
1838.07568 1.61453 1
1838.07568 1.61561 1
1838.07568 1.53682 1
1838.07568 -23.07932 1
1838.07568 -13.14358 1
1838.07629 1.59405 1
1838.07703 1.4562 1
1838.07776 -11.25587 1
1838.07776 -13.18653 1
1838.07837 1.58963 1
1838.07837 1.24836 1
1838.07837 1.6705 1
1838.0791 -14.01984 1
1838.07983 -8.84813 1
1838.08057 1.66984 1
1838.08057 -21.60321 1
1838.0813 1.54135 1
1838.0813 1.43721 1
1838.0813 -13.73207 1
1838.08203 1.51714 1
1838.08203 1.72663 1
1838.08203 1.36622 1
1838.08203 1.41655 1
1838.08203 -6.60814 1
1838.08276 1.65488 1
1838.08276 -12.15109 1
1838.08337 -9.43091 1
1838.08337 -20.67505 1
1838.08411 1.69649 1
1838.08545 1.32618 1
1838.0863 1.73066 1
1838.08765 1.70368 1
1838.08838 1.61779 1
1838.08911 1.78622 1
1838.08911 -14.42402 1
1838.08984 1.60282 1
1838.09045 1.60777 1
1838.09045 1.62825 1
1838.09131 1.67801 1
1838.09131 1.76345 1
1838.09204 1.46131 1
1838.09338 1.55751 1
1838.09412 1.40483 1
1838.09412 1.25687 1
1838.09473 1.90924 1
1838.09473 1.87291 1
1838.09473 1.71045 1
1838.09546 1.55078 1
1838.09619 1.604 1
1838.09692 -12.60093 1
1838.09766 1.43235 1
1838.09839 1.70456 1
1838.09912 1.71231 1
1838.09912 1.72733 1
1838.09973 1.68891 1
1838.09973 1.7933 1
1838.10046 1.69301 1
1838.10193 1.69684 1
1838.10193 1.72103 1
1838.10266 1.71885 1
1838.10266 1.65634 1
1838.104 1.63358 1
1838.104 1.71477 1
1838.104 1.75405 1
1838.104 1.5644 1
1838.104 -11.52775 1
1838.10474 1.67743 1
1838.10547 1.45679 1
1838.10608 1.69771 1
1838.10608 1.73284 1
1838.10693 1.68312 1
1838.10693 1.5546 1
1838.10693 1.14936 1
1838.10693 -14.08295 1
1838.10767 1.31686 1
1838.10767 1.54208 1
1838.10828 1.65921 1
1838.10901 1.62071 1
1838.10974 1.61017 1
1838.10974 -11.55868 1
1838.11047 1.24362 1
1838.11108 1.39914 1
1838.11182 1.61967 1
1838.11182 1.48596 1
1838.11182 1.45374 1
1838.11182 -11.77189 1
1838.11267 1.63867 1
1838.11401 1.23968 1
1838.11401 -12.55557 1
1838.11401 -11.86228 1
1838.11475 1.29618 1
1838.11475 1.83379 1
1838.11475 -11.23005 1
1838.11536 1.75881 1
1838.11536 -11.2964 1
1838.11609 1.83298 1
1838.11609 -12.41005 1
1838.11609 -11.90084 1
1838.11682 1.87399 1
1838.11682 1.60913 1
1838.11755 1.74099 1
1838.11755 1.68613 1
1838.11829 1.15738 1
1838.11829 1.45588 1
1838.11829 2.89755 -1
1838.11902 1.84648 1
1838.11902 1.49222 1
1838.11902 1.45707 1
1838.11902 1.73415 1
1838.12109 19.46244 -1
1838.12109 1.8216 1
1838.12109 1.74832 1
1838.12256 1.50151 1
1838.12256 -11.59948 1
1838.12329 1.61439 1
1838.12329 -12.62011 1
1838.12402 -11.82953 1
1838.12463 -12.61863 1
1838.1261 -7.07725 1
1838.1261 -19.77962 1
1838.12671 1.62264 1
1838.12744 1.61074 1
1838.12744 1.60899 1
1838.12744 -11.59608 1
1838.12744 -11.80902 1
1838.1283 1.70804 1
1838.12891 -11.91661 1
1838.12891 -11.94539 1
1838.13037 1.65933 1
1838.13037 1.63265 1
1838.13037 1.63646 1
1838.13037 1.45308 1
1838.1311 1.63047 1
1838.13171 1.62733 1
1838.13245 1.49319 1
1838.13245 1.62926 1
1838.13245 1.61761 1
1838.1333 1.60338 1
1838.1333 1.65199 1
1838.1333 -12.14898 1
1838.13391 1.69212 1
1838.13391 1.67713 1
1838.13391 -12.68745 1
1838.13391 -15.88406 1
1838.13464 1.62769 1
1838.13464 1.51617 1
1838.13464 1.66653 1
1838.13672 1.64759 1
1838.13672 -12.28183 1
1838.13745 1.53728 1
1838.13745 1.4332 1
1838.13745 5.6678 -1
1838.13745 1.80977 1
1838.13818 1.70533 1
1838.13965 1.75273 1
1838.14038 1.70984 1
1838.14099 1.65122 1
1838.14099 1.41364 1
1838.14172 1.71891 1
1838.14246 1.43982 1
1838.14307 1.65321 1
1838.14307 1.69579 1
1838.14307 -12.4757 1
1838.14392 1.9157 1
1838.14392 1.33628 1
1838.14465 1.56464 1
1838.14465 1.56065 1
1838.14465 1.91724 1
1838.146 1.90133 1
1838.14673 1.72546 1
1838.14673 1.63618 1
1838.14734 1.6418 1
1838.14807 1.48891 1
1838.14807 -12.11755 1
1838.14893 -12.23446 1
1838.14966 1.64351 1
1838.14966 1.46323 1
1838.151 -12.27118 1
1838.15173 1.80255 1
1838.15173 1.49084 1
1838.15308 1.54546 1
1838.15308 1.56812 1
1838.15308 -10.85415 1
1838.15308 -12.42621 1
1838.15393 1.52933 1
1838.15393 -11.73471 1
1838.15454 1.85836 1
1838.15454 -19.99185 1
1838.15527 1.46935 1
1838.15527 -12.49871 1
1838.15601 1.49093 1
1838.15601 1.45238 1
1838.15601 -13.91926 1
1838.15662 1.55098 1
1838.15662 -10.4738 1
1838.15735 -7.10812 1
1838.15735 1.77483 1
1838.15808 1.50099 1
1838.15808 -3.9652 -1
1838.15808 1.69871 1
1838.15869 1.65783 1
1838.15869 1.69869 1
1838.15869 -11.67185 1
1838.15955 1.3886 1
1838.15955 1.12557 1
1838.16028 1.63584 1
1838.16101 1.52289 1
1838.16101 1.56156 1
1838.16162 1.58689 1
1838.16162 1.77064 1
1838.16235 1.66132 1
1838.16235 1.63066 1
1838.16309 15.25375 -1
1838.16309 -6.79607 1
1838.16309 1.48151 1
1838.16309 -11.76477 1
1838.1637 1.68181 1
1838.1637 1.6279 1
1838.1637 -11.78151 1
1838.16455 1.43934 1
1838.16455 -11.45286 1
1838.16528 1.57011 1
1838.16589 1.5898 1
1838.16589 1.12121 1
1838.16589 -7.39429 1
1838.16663 1.50831 1
1838.16663 1.80215 1
1838.16663 -11.30949 1
1838.16736 1.38588 1
1838.16797 1.79287 1
1838.1687 1.4588 1
1838.16956 1.62415 1
1838.16956 1.70699 1
1838.16956 1.65977 1
1838.17029 1.71476 1
1838.17029 1.52812 1
1838.17029 -10.96408 1
1838.17029 -19.88065 1
1838.1709 1.52035 1
1838.1709 1.54125 1
1838.1709 -5.95825 -1
1838.1709 -11.08796 1
1838.17163 1.65761 1
1838.17163 -10.6876 1
1838.17236 1.46159 1
1838.17236 1.33537 1
1838.17236 1.4279 1
1838.17297 1.4251 1
1838.17297 1.52727 1
1838.17297 -10.95006 1
1838.17371 1.62962 1
1838.17371 1.43147 1
1838.17456 1.41242 1
1838.1759 1.51984 1
1838.1759 1.4615 1
1838.1759 -11.32262 1
1838.17664 1.65023 1
1838.17725 1.55153 1
1838.17725 7.38478 -1
1838.17725 1.47519 1
1838.17725 1.21239 1
1838.17725 1.51368 1
1838.17725 1.49659 1
1838.17725 1.70379 1
1838.17725 1.53393 1
1838.17798 1.73785 1
1838.17871 1.57175 1
1838.17871 0.00445 1
1838.17871 1.65074 1
1838.17932 16.20926 -1
1838.17932 1.5569 1
1838.17932 1.45283 1
1838.18018 2.01792 -1
1838.18091 1.39388 1
1838.18091 -2.19368 -1
1838.18091 1.38269 1
1838.18298 1.49155 1
1838.18372 1.46084 1
1838.18433 1.45969 1
1838.18433 1.28902 1
1838.18518 1.55197 1
1838.18591 1.46524 1
1838.18591 1.37328 1
1838.18591 1.56453 1
1838.18652 1.33334 1
1838.18726 1.50644 1
1838.18726 4.76575 -1
1838.18799 10.89453 -1
1838.1886 1.41823 1
1838.1886 1.58466 1
1838.1886 1.54668 1
1838.1886 -10.83437 1
1838.19019 18.34348 -1
1838.19019 1.4434 1
1838.19153 1.59729 1
1838.19226 1.61823 1
1838.19226 1.61745 1
1838.19226 -19.57738 -1
1838.19226 -20.21488 -1
1838.19299 1.35926 1
1838.19299 1.66217 1
1838.1936 1.68481 1
1838.19434 -5.91144 1
1838.19653 1.69029 1
1838.19653 1.60144 1
1838.19653 1.479 1
1838.19653 1.5753 1
1838.19727 1.55879 1
1838.19788 1.6095 1
1838.19861 1.66614 1
1838.19861 1.58334 1
1838.19934 1.70492 1
1838.20007 1.67678 1
1838.20154 1.56568 1
1838.20227 1.56259 1
1838.20227 1.66782 1
1838.20288 1.66796 1
1838.20288 1.26323 1
1838.20361 -0.87657 1
1838.20435 1.70779 1
1838.20435 1.39236 1
1838.20435 1.65129 1
1838.20496 1.60281 1
1838.20496 1.75241 1
1838.20496 1.82959 1
1838.20496 -21.27558 1
1838.20581 -5.4481 1
1838.20654 -9.60458 1
1838.20715 1.19401 1
1838.20715 1.53555 1
1838.20789 1.64357 1
1838.20789 1.59486 1
1838.20862 1.54602 1
1838.20862 1.28999 1
1838.20862 1.41399 1
1838.21069 1.51208 1
1838.21069 1.52253 1
1838.21155 -2.44005 1
1838.21155 -11.92657 1
1838.21216 1.10218 1
1838.21216 1.59228 1
1838.21216 1.66029 1
1838.21289 1.39907 1
1838.21289 1.77523 1
1838.21362 1.49544 1
1838.21362 1.45748 1
1838.21497 1.19921 1
1838.21497 -18.19792 1
1838.2157 -7.12147 1
1838.21643 1.25498 1
1838.21643 1.53378 1
1838.21643 1.23572 1
1838.21716 0.84608 1
1838.2179 1.49158 1
1838.21851 1.429 1
1838.21851 -3.80048 1
1838.21851 0.9075 1
1838.21851 1.58514 1
1838.21851 1.24058 1
1838.21924 1.42343 1
1838.21924 1.32904 1
1838.21924 1.43908 1
1838.2207 1.45405 1
1838.2207 1.51167 1
1838.22144 1.32751 1
1838.22144 1.37171 1
1838.22217 1.34177 1
1838.22217 1.25405 1
1838.22217 -20.74563 1
1838.2229 -2.4804 1
1838.22351 1.10584 1
1838.22424 1.38603 1
1838.22559 1.44899 1
1838.22559 1.3945 1
1838.22559 1.43487 1
1838.22717 1.5352 1
1838.22717 1.15252 1
1838.22717 1.55438 1
1838.22778 1.58642 1
1838.22778 1.39767 1
1838.22852 1.50447 1
1838.22925 1.49905 1
1838.22925 1.528 1
1838.22986 1.37658 1
1838.22986 1.4972 1
1838.23059 1.48779 1
1838.23059 1.37629 1
1838.23132 1.64638 1
1838.23132 1.84527 1
1838.23132 1.56577 1
1838.23352 17.50837 -1
1838.23486 1.80874 1
1838.23486 1.4364 1
1838.2356 1.40449 1
1838.23633 1.77852 1
1838.23706 1.5954 1
1838.23853 18.58652 -1
1838.23853 1.52232 1
1838.23987 1.47499 1
1838.2406 1.45161 1
1838.2406 1.50164 1
1838.24133 -9.93316 1
1838.24194 1.86333 1
1838.24414 1.6356 1
1838.24487 1.85752 1
1838.24487 1.70507 1
1838.24487 1.7871 1
1838.24487 1.64896 1
1838.24487 1.2165 1
1838.24561 7.11662 -1
1838.24561 1.77613 1
1838.24622 1.78296 1
1838.24622 1.64106 1
1838.24622 1.74532 1
1838.24622 1.71824 1
1838.24695 -6.09113 1
1838.24695 1.58531 1
1838.2478 -13.97955 1
1838.24841 1.63082 1
1838.24841 1.37327 1
1838.24915 1.42667 1
1838.24988 13.98232 -1
1838.24988 1.10167 1
1838.25122 1.57009 1
1838.25122 1.64889 1
1838.25122 1.77407 1
1838.25281 -21.90447 1
1838.25342 1.70851 1
1838.25415 1.59452 1
1838.25415 1.73222 1
1838.25415 1.69136 1
1838.25488 1.74793 1
1838.25549 1.62472 1
1838.25549 1.69082 1
1838.25549 1.49269 1
1838.25623 1.48474 1
1838.25696 1.43231 1
1838.25696 -3.39166 1
1838.25842 1.57091 1
1838.25842 1.66308 1
1838.25916 1.54132 1
1838.25916 1.51811 1
1838.25916 1.53468 1
1838.25977 -18.32331 1
1838.26123 1.94972 1
1838.26196 1.85299 1
1838.26257 1.57727 1
1838.26257 1.54532 1
1838.26343 1.73584 1
1838.26343 1.53353 1
1838.26343 1.62434 1
1838.26343 1.44887 1
1838.26416 1.13545 1
1838.26416 1.70625 1
1838.26416 1.23754 1
1838.26477 1.67819 1
1838.26477 1.62057 1
1838.2655 1.54503 1
1838.26624 1.73291 1
1838.26758 1.60668 1
1838.26904 1.49683 1
1838.27051 1.68398 1
1838.27258 1.57308 1
1838.27332 1.69371 1
1838.27332 1.81348 1
1838.27332 1.57927 1
1838.27405 1.67363 1
1838.27405 1.74833 1
1838.27478 1.60764 1
1838.27478 1.55663 1
1838.27551 1.78661 1
1838.27551 1.72588 1
1838.27612 1.56274 1
1838.27686 1.27636 1
1838.27686 1.48353 1
1838.27905 1.75165 1
1838.27905 1.63575 1
1838.27979 19.57632 -1
1838.27979 1.39475 1
1838.27979 1.47957 1
1838.2804 1.56011 1
1838.2804 1.30398 1
1838.2804 1.46277 1
1838.28113 -1.36128 -1
1838.28113 1.57813 1
1838.28113 1.50067 1
1838.28113 1.43374 1
1838.28186 1.27903 1
1838.28259 1.35945 1
1838.28259 1.4179 1
1838.2832 1.59441 1
1838.2832 1.54165 1
1838.28406 22.63846 -1
1838.28406 14.74556 -1
1838.28406 -13.4305 -1
1838.2854 1.66661 1
1838.2854 1.50855 1
1838.2854 -11.75985 -1
1838.28613 1.39118 1
1838.28613 1.36661 1
1838.28613 1.526 1
1838.28748 1.38924 1
1838.28748 1.62364 1
1838.28821 1.62752 1
1838.28821 1.54665 1
1838.28894 1.16336 1
1838.28967 3.28489 -1
1838.28967 1.44518 1
1838.29041 1.25501 1
1838.29114 1.19682 1
1838.29114 1.44738 1
1838.29114 1.49596 1
1838.29187 2.4843 -1
1838.29187 1.23783 1
1838.29248 1.48265 1
1838.29321 1.55846 1
1838.29321 1.53574 1
1838.29541 1.33856 1
1838.29541 1.57386 1
1838.29541 1.43227 1
1838.29614 1.70574 1
1838.29675 1.58272 1
1838.29675 1.60419 1
1838.29675 1.37749 1
1838.29675 1.4607 1
1838.29675 1.49153 1
1838.29749 1.42859 1
1838.29749 1.30077 1
1838.29822 1.40146 1
1838.29883 1.17047 1
1838.29883 1.44239 1
1838.29968 1.34876 1
1838.29968 1.4851 1
1838.30042 1.53351 1
1838.30322 1.54792 1
1838.30383 1.4984 1
1838.30383 1.40599 1
1838.30457 1.4913 1
1838.30457 1.41535 1
1838.30542 -1.02335 1
1838.30542 1.42968 1
1838.30603 1.70717 1
1838.30603 1.40128 1
1838.30676 1.3874 1
1838.30676 1.74795 1
1838.3075 22.06587 -1
1838.3075 1.51945 1
1838.3075 -8.86327 1
1838.30884 1.36214 1
1838.30957 1.36312 1
1838.30957 1.47385 1
1838.3103 1.54384 1
1838.31104 1.65418 1
1838.31177 1.33479 1
1838.31177 1.64504 1
1838.31177 0.85715 1
1838.31177 1.55897 1
1838.3125 19.92617 -1
1838.3125 1.7223 1
1838.31311 1.63793 1
1838.31311 1.37389 1
1838.31531 1.76653 1
1838.31604 -1.5629 1
1838.31677 1.66285 1
1838.31677 1.05688 1
1838.31677 1.61842 1
1838.31677 1.60346 1
1838.31738 1.30575 1
1838.31738 1.67252 1
1838.31738 1.57492 1
1838.31812 1.73097 1
1838.31812 1.70026 1
1838.31885 1.37544 1
1838.31885 1.82318 1
1838.31946 1.66576 1
1838.32019 1.63656 1
1838.32019 1.89393 1
1838.32104 1.5095 1
1838.32104 1.54953 1
1838.32104 1.5317 1
1838.32178 1.61416 1
1838.32178 1.72387 1
1838.32239 -9.99455 1
1838.32312 1.57007 1
1838.32312 1.48899 1
1838.32312 12.33379 -1
1838.32446 1.58952 1
1838.32446 1.80595 1
1838.3252 1.8911 1
1838.32605 -2.26813 1
1838.32666 1.81304 1
1838.32666 1.59337 1
1838.32739 0.64833 1
1838.32813 1.68873 1
1838.32874 1.78785 1
1838.32947 19.07748 -1
1838.32947 1.68317 1
1838.32947 1.58213 1
1838.3302 -0.53566 1
1838.3302 1.70103 1
1838.3302 1.73581 1
1838.33093 1.73808 1
1838.33167 1.59855 1
1838.33167 1.46496 1
1838.33167 -4.71269 1
1838.3324 1.70303 1
1838.33313 -7.37786 1
1838.33374 1.70462 1
1838.33521 1.55954 1
1838.33521 -7.44504 1
1838.3374 1.81084 1
1838.33801 0.54509 1
1838.33801 1.3495 1
1838.33875 1.51291 1
1838.33948 1.63579 1
1838.34009 1.8286 1
1838.34082 1.5893 1
1838.34167 1.86176 1
1838.34167 1.69958 1
1838.34167 1.68213 1
1838.34302 1.51054 1
1838.34375 18.38748 -1
1838.34375 1.75056 1
1838.34375 1.72282 1
1838.34448 1.67279 1
1838.34509 1.84617 1
1838.34509 1.63591 1
1838.34583 1.73739 1
1838.34729 1.58743 1
1838.34729 1.57225 1
1838.34729 1.50299 1
1838.34802 1.67728 1
1838.34937 1.70113 1
1838.34937 1.72432 1
1838.34937 -4.38394 1
1838.3501 1.74099 1
1838.35229 1.68179 1
1838.35229 1.81324 1
1838.35437 1.63971 1
1838.35437 1.57703 1
1838.35437 1.66883 1
1838.35437 1.59462 1
1838.35583 1.59076 1
1838.35803 1.31001 1
1838.35864 1.6007 1
1838.35864 1.64064 1
1838.35864 1.5038 1
1838.35864 -11.84541 1
1838.35938 1.36159 1
1838.36072 1.664 1
1838.36145 1.56285 1
1838.36145 1.64068 1
1838.36145 1.41966 1
1838.36304 1.31941 1
1838.36304 1.36827 1
1838.36365 1.66287 1
1838.36438 1.62644 1
1838.36438 1.23624 1
1838.36572 1.41805 1
1838.36572 11.22693 1
1838.36572 0.94563 1
1838.36646 1.35627 1
1838.36731 11.59572 1
1838.36731 1.48945 1
1838.36792 1.50872 1
1838.36938 1.3882 1
1838.37 1.34753 1
1838.37073 1.37415 1
1838.37073 1.47719 1
1838.37146 1.12677 1
1838.37146 1.59192 1
1838.37219 16.90798 -1
1838.37219 1.66314 1
1838.37219 1.49437 1
1838.37219 1.37189 1
1838.37292 1.52476 1
1838.37292 1.13673 1
1838.37366 1.35562 1
1838.37366 1.67494 1
1838.37439 1.5192 1
1838.375 1.53913 1
1838.375 1.26812 1
1838.37573 1.24568 1
1838.37573 1.34596 1
1838.37573 1.60582 1
1838.37646 1.51584 1
1838.37708 1.65516 1
1838.37708 1.33424 1
1838.37708 1.37732 1
1838.37708 1.58185 1
1838.37866 1.67745 1
1838.37866 1.29486 1
1838.38074 1.45761 1
1838.38135 1.43019 1
1838.38135 1.56296 1
1838.38135 1.57227 1
1838.38208 1.44842 1
1838.38293 -12.26493 1
1838.38428 1.62869 1
1838.38428 1.06091 1
1838.38428 1.50135 1
1838.38428 -10.88883 1
1838.38501 1.58915 1
1838.38635 1.42954 1
1838.38708 1.6358 1
1838.38782 -6.8449 1
1838.38782 1.59675 1
1838.38855 1.58333 1
1838.38855 1.61843 1
1838.38928 1.63344 1
1838.38928 1.61493 1
1838.39001 -3.06128 1
1838.39001 1.48012 1
1838.39063 1.43237 1
1838.39063 1.76073 1
1838.39063 1.66888 1
1838.39209 1.42032 1
1838.39282 1.37264 1
1838.39282 10.21423 -1
1838.39355 1.57603 1
1838.39355 1.76156 1
1838.39429 1.59109 1
1838.39429 1.70264 1
1838.39502 1.72179 1
1838.39563 1.63819 1
1838.39636 1.71387 1
1838.39636 1.49736 1
1838.39709 1.76129 1
1838.39771 1.53737 1
1838.39856 1.60817 1
1838.39856 1.52313 1
1838.39929 -6.88309 1
1838.39929 1.66089 1
1838.39929 1.6049 1
1838.3999 1.74745 1
1838.40137 0.5717 1
1838.40137 1.576 1
1838.40137 1.4187 1
1838.40271 1.62788 1
1838.40344 1.46665 1
1838.4043 1.62591 1
1838.40637 1.65815 1
1838.40637 1.64869 1
1838.40637 1.46723 1
1838.40845 1.56343 1
1838.40845 1.58521 1
1838.41064 1.39041 1
1838.41125 1.60788 1
1838.41125 2.03725 -1
1838.41199 1.59585 1
1838.41272 1.25303 1
1838.41345 -4.51532 1
1838.41418 1.66086 1
1838.41492 1.70558 1
1838.41626 1.87365 1
1838.41699 1.57046 1
1838.41699 1.73049 1
1838.41699 1.7769 1
1838.41833 1.63932 1
1838.41833 1.50803 1
1838.41833 -9.40532 1
1838.41907 1.66452 1
1838.41907 1.48898 1
1838.41992 1.41335 1
1838.42053 1.56679 1
1838.42053 1.58007 1
1838.42126 1.76204 1
1838.42126 1.55689 1
1838.422 -1.03859 1
1838.42273 1.58017 1
1838.42334 -11.099 1
1838.42407 1.14236 1
1838.42407 1.53576 1
1838.42493 1.67899 1
1838.42493 1.63969 1
1838.42554 1.85417 1
1838.42554 1.7294 1
1838.427 1.54678 1
1838.427 16.61302 -1
1838.427 -9.63893 1
1838.42761 1.61141 1
1838.42761 1.36461 1
1838.42761 1.67646 1
1838.42834 -4.71479 1
1838.42981 1.69023 1
1838.43054 1.64024 1
1838.43054 1.69487 1
1838.43127 1.65328 1
1838.43188 1.67013 1
1838.43188 1.45902 1
1838.43335 17.01645 -1
1838.43335 1.49622 1
1838.43335 1.37459 1
1838.43335 1.62319 1
1838.43335 1.64585 1
1838.43408 1.18772 1
1838.43408 1.33145 1
1838.43408 1.3127 1
1838.43469 1.67553 1
1838.43469 1.64291 1
1838.43469 1.47556 1
1838.43555 1.39466 1
1838.43555 1.50918 1
1838.43628 1.58283 1
1838.43628 1.65827 1
1838.43628 1.37349 1
1838.43689 1.40559 1
1838.43689 1.58002 1
1838.43762 10.8997 -1
1838.43762 1.67942 1
1838.43896 1.53223 1
1838.44055 1.36566 1
1838.44336 1.53907 1
1838.44336 0.83596 1
1838.44336 1.64432 1
1838.4447 1.69174 1
1838.44556 1.36284 1
1838.44556 1.63483 1
1838.4469 1.60814 1
1838.44824 1.38369 1
1838.44824 1.64612 1
1838.44824 1.40825 1
1838.44897 1.37945 1
1838.44897 1.36329 1
1838.44971 1.52209 1
1838.45117 -7.28656 1
1838.4519 1.31989 1
1838.4519 1.60377 1
1838.45264 1.53923 1
1838.45264 1.71999 1
1838.45325 12.91174 -1
1838.45471 1.37093 1
1838.45618 1.64744 1
1838.45618 1.56559 1
1838.45618 1.4505 1
1838.45691 1.37413 1
1838.45691 1.489 1
1838.45752 -0.52165 1
1838.45898 18.39282 -1
1838.45959 1.56759 1
1838.45959 15.96657 -1
1838.45959 1.70746 1
1838.46033 1.57111 1
1838.46118 1.04405 1
1838.46179 1.72265 1
1838.46179 1.6043 1
1838.46179 1.67047 1
1838.46326 1.47848 1
1838.46399 1.27329 1
1838.4646 1.66513 1
1838.4646 1.49687 1
1838.4646 1.36635 1
1838.46533 1.61831 1
1838.46533 1.59841 1
1838.46533 1.86661 1
1838.46606 1.65394 1
1838.46606 1.62681 1
1838.4668 1.31129 1
1838.4668 1.47617 1
1838.46753 1.53707 1
1838.46826 1.67033 1
1838.46887 1.50348 1
1838.46887 1.6322 1
1838.4696 1.77036 1
1838.4696 1.60409 1
1838.4696 1.70671 1
1838.47034 1.62121 1
1838.47034 1.31337 1
1838.4718 1.76474 1
1838.47253 1.71532 1
1838.47327 1.66993 1
1838.47327 1.54095 1
1838.47388 1.51969 1
1838.47388 1.76399 1
1838.47388 1.58804 1
1838.47388 1.72435 1
1838.47461 1.39081 1
1838.47461 1.65577 1
1838.47534 1.58827 1
1838.47534 -20.5843 -1
1838.47595 1.69292 1
1838.47595 1.53984 1
1838.47681 1.89704 1
1838.47681 1.54998 1
1838.47681 1.73801 1
1838.47754 1.51004 1
1838.47754 1.55005 1
1838.47815 1.63254 1
1838.47815 1.43158 1
1838.47961 1.62996 1
1838.47961 1.51021 1
1838.48022 1.29594 1
1838.48022 1.47316 1
1838.48096 1.44973 1
1838.48096 1.62096 1
1838.48096 1.36002 1
1838.48096 1.4677 1
1838.48169 1.52863 1
1838.48169 -15.67543 1
1838.48389 1.46225 1
1838.48389 -8.35088 -1
1838.48389 -10.04397 -1
1838.48462 1.55246 1
1838.48523 1.48017 1
1838.48523 1.46879 1
1838.48596 1.38247 1
1838.48596 1.48248 1
1838.48596 1.48164 1
1838.48669 1.57905 1
1838.48669 -7.90634 -1
1838.48743 1.72406 1
1838.48743 1.24259 1
1838.48816 1.4233 1
1838.48816 1.44502 1
1838.48889 1.53207 1
1838.4895 -14.43501 1
1838.49023 1.59744 1
1838.49023 1.49373 1
1838.49097 1.47571 1
1838.49243 1.57963 1
1838.49243 1.36675 1
1838.49451 14.85723 1
1838.49524 -5.41847 1
1838.49524 1.48759 1
1838.49524 1.34382 1
1838.49597 1.3848 1
1838.49658 1.40686 1
1838.49658 1.47734 1
1838.49658 1.55877 1
1838.49658 6.90038 1
1838.49731 1.65661 1
1838.49878 1.45353 1
1838.49951 1.30436 1
1838.50024 20.74168 1
1838.50024 -3.13601 1
1838.50159 1.14993 1
1838.50159 2.63159 1
1838.50159 1.32347 1
1838.50317 1.26213 1
1838.50378 1.19026 1
1838.50452 1.44445 1
1838.50452 1.29667 1
1838.50525 1.44457 1
1838.50659 1.41121 1
